symbol,date,pattern_name,pattern_direction,price_at_pattern,forward_1d_return,forward_5d_return,forward_10d_return,forward_20d_return,backward_1d_return,backward_5d_return
A,2025-06-13,shooting_star,Bearish,117.08,0.016569866757772445,-0.008114110010249427,0.00794328664161263,-0.03536043730782371,-0.015389790597931195,0.011053540587219354
A,2025-06-26,doji,Bearish,119.42,-0.002093451683135153,0.016412661195779547,0.03232289398760676,0.006364093116730908,0.006744225257123563,0.0337603878116344
A,2025-07-24,shooting_star,Bearish,120.35,-0.0014125467386787494,-0.046032405484004925,,,0.0073658659077592325,0.03429013406668954
A,2025-07-28,doji,Bullish,119.54,0.002509620210808074,,,,-0.005325345315360297,0.06694037843627276
A,2025-07-29,doji,Bearish,119.84,-0.014936582109479358,,,,0.002509620210808074,0.0314140631723901
A,2025-06-03,bullish_engulfing,Bullish,112.76,0.019333096842852008,0.06881873004611556,0.029531748847108887,0.07006030507272075,0.015398469158036993,
A,2025-06-27,bearish_engulfing,Bearish,119.17,-0.00973399345472851,0.0006713098934295401,0.007636150037761153,0.0031048082571117274,-0.002093451683135153,0.03123918310834198
A,2025-07-01,bullish_engulfing,Bullish,120.45,0.0017434620174345682,0.007056870070568653,-0.05828144458281441,-0.01992528019925285,0.020676213880179626,0.02388643318599118
A,2025-07-18,bearish_engulfing,Bearish,113.99,-0.017106763751206146,0.05430300903588045,,,-0.020367823994499868,-0.07535691109669052
A,2025-07-30,bearish_engulfing,Bearish,118.05,-0.027445997458703898,,,,-0.014936582109479358,-0.011885829078429746
AA,2025-06-10,doji,Bearish,28.76,-0.0006954102920724314,-0.0013908205841447392,-0.02051460361613351,0.09770514603616129,0.007002801120448279,0.039768618944323986
AA,2025-06-24,doji,Bearish,28.8,-0.021874999999999964,0.04861111111111106,0.06180555555555547,0.11458333333333336,0.003134796238244509,-0.0072388831437435654
AA,2025-06-25,evening_star,Bearish,28.17,0.062477813276535246,0.11892083777067794,0.12069577564785226,0.13099041533546318,-0.021874999999999964,-0.019150417827297952
AA,2025-07-03,shooting_star,Bearish,31.15,-0.04301765650080257,-0.001926163723916492,-0.026324237560192625,,-0.011738578680203077,0.04076177748078847
AA,2025-06-17,bearish_engulfing,Bearish,28.72,-0.012883008356545872,-0.019150417827297952,0.09749303621169919,0.023328690807799504,-0.009996552912788786,-0.0013908205841447392
AAA,2025-06-03,doji,Bullish,24.8828,0.002097834648833698,0.004308196826723634,0.003102544729692851,0.003705370778208314,-0.000690763052208795,
AAA,2025-06-12,doji,Bearish,25.0,-0.0009999999999999432,0.0,0.0028000000000000112,-0.0009999999999999432,0.0010090170892260064,0.001293671423479108
AAA,2025-06-27,hammer,Bullish,25.07,-0.004216194654966047,-0.0023932987634622547,-0.003789389708815272,-0.0027921818907060345,0.0015980823012384797,0.0028000000000000112
AAA,2025-07-08,hammer,Bullish,24.9784,-0.0007366364538961563,-0.0012771034173526031,0.000864747141530258,,-0.0012634946021591747,0.0005648065437444316
AAA,2025-07-11,doji,Bearish,24.995,-0.0008001600320063842,-0.00020004000800170264,0.0010002000400079448,,0.0008008008008007837,-0.0037863690713431193
AAA,2025-07-14,hammer,Bullish,24.975,-0.0011411411411411843,0.0013053053053052504,0.001001001001000944,,-0.0008001600320063842,-0.0013994402239104415
AAA,2025-07-23,hammer,Bullish,25.025,-0.0013746253746252943,0.0,,,0.0009999999999999432,0.003006012024048068
AAA,2025-07-30,shooting_star,Bearish,25.025,-0.0007992007992007822,,,,-0.00018777692101781902,0.0
AAA,2025-06-10,bullish_engulfing,Bullish,24.99,-0.0006082432973189317,-0.0012004801920767342,0.002400960384153753,-0.000600240096038296,0.0012300024439787778,0.004308196826723634
AAA,2025-06-16,bearish_engulfing,Bearish,24.9465,0.0005411580782875558,0.003695909245785913,-0.0004609865111338913,0.0001403002425189485,-0.0011411411411411843,-0.0005128348952093445
AAAU,2025-06-23,shooting_star,Bearish,33.355,-0.015589866586718515,-0.020236846050067373,-0.022335481936741043,0.016189476840054152,0.003157894736842011,-0.016366853435564724
AAAU,2025-06-05,bearish_engulfing,Bearish,33.15,-0.013122171945701212,0.00950226244343906,0.0030165912518854126,-0.005731523378582134,-0.005400540054005393,
AACB,2025-06-25,evening_star,Bearish,10.09,0.0009910802775024566,0.001486620416253773,0.0019821605550049133,,-0.008840864440078571,-0.003948667324777978
AACBU,2025-06-06,doji,Bullish,10.32,0.0011918604651162553,0.0029069767441859845,0.01744186046511625,0.0,-0.0019245834098975624,
AACBU,2025-06-10,shooting_star,Bearish,10.33,0.0009680542110357973,0.0009680542110357973,-0.0019361084220715947,0.0,-0.00022260290545183248,0.0019398642095052932
AACBU,2025-06-12,shooting_star,Bearish,10.36,-0.0009652509652509448,-0.0019305019305018896,0.0019305019305020609,,0.001934235976789127,0.0019439259567306589
AACBU,2025-07-15,doji,Bearish,10.6,-0.00943396226415091,-0.02830188679245273,,,0.03012633624878528,0.00952380952380949
AACG,2025-06-12,shooting_star,Bearish,0.8231,0.013971570890535724,-0.0037662495444054215,-0.04021382578058561,0.08285748997691644,-0.025917159763313515,0.02874640669916263
AACG,2025-07-08,doji,Bullish,0.8286,0.0258266956311851,0.08616944243301958,0.26719768283852285,,-0.013806236610330808,0.07582446117891457
AACG,2025-07-15,hammer,Bullish,0.9,-0.04944555555555557,0.16666666666666669,0.4163333333333332,,0.009761023224503581,0.08616944243301958
AACG,2025-07-25,doji,Bullish,1.0071,0.12203356171184566,,,,-0.06749999999999996,0.22817073170731728
AACG,2025-06-16,bearish_engulfing,Bearish,0.81,0.024691358024691242,-0.038148148148148195,-0.012345679012345689,0.056171604938271544,-0.029475197699496712,-0.09131601000225488
AACG,2025-07-09,bullish_engulfing,Bullish,0.85,0.004470588235294148,0.00646941176470592,0.17647058823529416,,0.0258266956311851,0.06249999999999992
AACT,2025-06-16,hammer,Bullish,11.3,0.0008849557522123705,0.0,0.0008849557522123705,0.007079646017699121,0.0,-0.008771929824561372
AACT,2025-06-30,doji,Bearish,11.33,-0.0017652250661959023,-0.0008826125330979512,0.0061782877316858146,0.007943512797881717,0.001768346595932765,0.0035429583702392318
AACT,2025-07-03,doji,Bullish,11.3,0.0026548672566371113,0.005309734513274223,0.005309734513274223,,-0.0008841732979663825,0.0
AACT,2025-07-30,hammer,Bullish,11.45,-0.004366812227074143,,,,0.002626970227670697,0.004385964912280608
AACT,2025-07-23,bearish_engulfing,Bearish,11.4,0.0,0.004385964912280608,,,-0.0026246719160104427,0.0017574692442881873
AACT.WS,2025-06-03,doji,Bullish,1.36,0.02205882352941162,-0.1250000000000001,-0.1838235294117647,-0.19117647058823528,-0.021582733812949503,
AACT.WS,2025-06-04,shooting_star,Bearish,1.39,-0.13669064748201437,-0.07913669064748192,-0.1727338129496403,-0.028776978417266053,0.02205882352941162,
AACT.WS,2025-06-06,hammer,Bullish,1.27,-0.07078740157480322,-0.11811023622047237,-0.1811023622047244,0.03149606299212601,0.05833333333333339,
AACT.WS,2025-06-26,doji,Bullish,1.02,0.09803921568627459,0.32352941176470595,0.3823529411764705,0.37254901960784303,-0.019230769230769246,-0.11296634489955641
AACT.WS,2025-07-29,doji,Bearish,1.39,-0.057553956834532266,,,,0.014450445190483007,-0.06081081081081086
AACT.WS,2025-06-05,bearish_engulfing,Bearish,1.2,0.05833333333333339,-0.025000000000000022,-0.13333333333333328,0.12508333333333344,-0.13669064748201437,
AACT.WS,2025-06-11,bullish_engulfing,Bullish,1.28,-0.08593750000000007,-0.10164062500000008,-0.203125,0.10156249999999992,0.0756302521008404,-0.07913669064748192
AACT.WS,2025-06-20,bearish_engulfing,Bearish,1.04,0.0,0.07692307692307698,0.29817307692307693,0.4807692307692307,-0.09557352813288103,-0.11111111111111102
AADR,2025-06-11,shooting_star,Bearish,77.8919,0.003056800514559134,-0.013761379552944703,0.003827098838261628,0.0011310547053030825,-0.005084940605441301,0.0011812339331620776
AADR,2025-06-16,shooting_star,Bearish,78.38,-0.019265118652717416,-0.004975759122225065,-0.008292931870374987,-0.0005741260525644515,0.017789897415919884,-0.0010196278358398968
AADR,2025-06-18,shooting_star,Bearish,76.82,-0.004816454048424764,0.017833897422546274,0.02330122363967725,0.02564436344701918,-0.0006504488096788261,-0.013761379552944703
AADR,2025-06-24,morning_star,Bullish,77.99,0.00397486857289399,-0.003333760738556109,0.01936145659699968,0.031863059366585456,0.027671629990776048,-0.004975759122225065
AADR,2025-06-30,doji,Bearish,78.98,-0.015826791592808306,-0.00101291466193971,-0.005571030640668494,0.002076475056976468,0.008298225456402472,0.04071682698642777
AADR,2025-07-08,hammer,Bullish,78.9,0.007604562737642513,-0.004562737642585544,0.0036755386565271485,,0.009209516500383715,-0.00101291466193971
AADR,2025-07-09,doji,Bearish,79.5,-0.015220125786163443,-0.014654088050314543,0.012264150943396154,,0.007604562737642513,0.02277113083751442
AADR,2025-07-10,shooting_star,Bearish,78.29,-0.003959637246136189,0.009132711712862295,0.018393153659471168,,-0.015220125786163443,0.007010097112354514
AADR,2025-07-11,shooting_star,Bearish,77.98,0.0016670941266990953,0.010387278789433217,0.01647858425237236,,-0.003959637246136189,-0.00801424755120208
AADR,2025-07-14,shooting_star,Bearish,78.11,0.005505056970938508,0.007906798105236153,0.003712712840865526,,0.0016670941266990953,-0.0008953696597596237
AADR,2025-07-15,shooting_star,Bearish,78.54,-0.0026101349630762985,0.008276037687802284,0.007690348866819444,,0.005505056970938508,-0.004562737642585544
AADR,2025-07-22,morning_star,Bullish,79.19,0.016226796312665697,-0.000580881424422178,,,0.005873416692494149,0.008276037687802284
AADR,2025-06-12,bullish_engulfing,Bullish,78.13,-0.014335082554716376,-0.021502623832074654,0.0025598361704851254,-0.000255983617048458,0.003056800514559134,0.0003200819409767809
AADR,2025-06-20,bearish_engulfing,Bearish,76.45,-0.0073250490516677865,0.02459123610202741,0.022629169391759373,0.029792020928711478,-0.004816454048424764,-0.021502623832074654
AADR,2025-07-03,bullish_engulfing,Bullish,78.61,-0.005470041979391841,-0.00801424755120208,0.0022897850146292686,,0.01112611743520477,0.005371530886302618
AAL,2025-06-13,shooting_star,Bearish,10.37,0.05110896817743502,0.05110896817743502,0.08196721311475424,0.17357762777242053,-0.048623853211009274,-0.11969439728353143
AAL,2025-06-26,shooting_star,Bearish,11.13,0.013477088948786933,0.050314465408804916,0.09793351302785264,0.03324348607367468,0.006329113924050658,0.05198487712665413
AAL,2025-07-03,shooting_star,Bearish,11.69,-0.008554319931565411,0.045337895637296934,0.07014542343883665,,0.005159071367153802,0.050314465408804916
AAL,2025-07-18,doji,Bearish,12.51,-0.015187849720223781,-0.08073541167066345,,,0.004819277108433775,0.023731587561374723
AAL,2025-06-11,bearish_engulfing,Bearish,11.06,-0.014466546112115744,-0.04339963833634723,0.006329113924050658,0.10488245931283907,-0.06587837837837833,-0.03152364273204899
AAL,2025-06-23,bullish_engulfing,Bullish,10.9,0.04311926605504576,0.02935779816513764,0.0623853211009174,0.14678899082568803,0.026365348399246813,0.05110896817743502
AAL,2025-06-25,bearish_engulfing,Bearish,11.06,0.006329113924050658,0.05153707052441232,0.16998191681735975,0.03616636528028936,-0.027264731750219765,0.04734848484848485
AAL,2025-07-01,bullish_engulfing,Bullish,11.52,0.009548611111111216,-0.0034722222222221483,0.06510416666666667,-0.0008680555555555371,0.026737967914438405,0.013192612137203198
AAL,2025-07-15,bearish_engulfing,Bearish,12.17,0.008216926869350834,0.027115858668857854,-0.06162695152013147,,-0.016962843295638193,0.05094991364421415
AAL,2025-07-29,bearish_engulfing,Bearish,11.42,0.007880910683012247,,,,-0.013816925734024191,-0.0864
AAM,2025-06-24,doji,Bearish,10.42,-0.0004798464491363514,0.0004798464491363514,0.0,0.004932821497120847,0.0009606147934677989,0.0020772426527157443
AAM,2025-07-18,doji,Bearish,10.45,-0.0009569377990430418,0.00204784688995214,,,0.0014374700527071194,0.002879078694817597
AAM.WS,2025-06-03,hammer,Bullish,0.0999,0.0006406406406405867,0.05105105105105098,0.10110110110110107,-0.09909909909909916,-0.0010000000000000286,
AAM.WS,2025-06-04,hammer,Bullish,0.099964,-0.012644552038733957,-0.05365931735424747,0.10139650274098681,-0.009643471649793853,0.0006406406406405867,
AAM.WS,2025-06-06,shooting_star,Bearish,0.0999,0.0010010010010010296,0.00300300300300295,0.0010010010010010296,-0.024024024024024017,0.012158054711246268,
AAM.WS,2025-06-09,shooting_star,Bearish,0.1,0.049999999999999906,0.0,-0.011000000000000038,-0.136,0.0010010010010010296,0.0
AAM.WS,2025-06-16,shooting_star,Bearish,0.1,0.09999999999999995,-0.011000000000000038,-0.10000000000000009,-0.0010000000000000286,-0.001996007984031855,0.0
AAM.WS,2025-06-24,hammer,Bullish,0.1,-0.011000000000000038,-0.06000000000000005,-0.025000000000000022,0.121,-0.0925589836660617,-0.001996007984031855
AAM.WS,2025-06-25,hammer,Bullish,0.0989,0.00808897876643069,-0.08998988877654202,-0.12639029322548026,0.16279069767441864,-0.011000000000000038,-0.011000000000000038
AAM.WS,2025-07-01,doji,Bearish,0.1,-0.06000000000000005,-0.010000000000000009,0.29799999999999993,0.199,0.01626016260162606,-0.0925589836660617
AAM.WS,2025-07-02,shooting_star,Bearish,0.094,-0.04255319148936174,0.03723404255319152,0.05319148936170218,,-0.06000000000000005,-0.06000000000000005
AAM.WS,2025-07-23,shooting_star,Bearish,0.115,0.042600000000000006,-0.039130434782608726,,,0.15,0.15
AAM.WS,2025-07-31,hammer,Bullish,0.1199,,,,,0.08506787330316747,8.340353130559889e-06
AAM.WS,2025-07-17,bearish_engulfing,Bearish,0.099,0.009090909090909071,0.13232323232323231,,,-0.2372881355932203,0.015384615384615398
AAM.WS,2025-07-24,bullish_engulfing,Bullish,0.119899,-0.06504641406517152,8.340353130559889e-06,,,0.042600000000000006,-0.07627889060092445
AAME,2025-06-16,hammer,Bullish,1.85,-0.00540540540540541,0.1405405405405404,0.2810810810810811,0.03243243243243234,0.010928961748633888,0.05113636363636368
AAME,2025-06-17,hammer,Bullish,1.84,0.01630434782608697,0.12499999999999986,0.2826086956521738,0.21195652173913038,-0.00540540540540541,0.05747126436781615
AAME,2025-07-21,hammer,Bullish,2.24,-0.031250000000000125,-0.02678571428571431,,,0.02988505747126455,0.1200000000000001
AAME,2025-06-04,bullish_engulfing,Bullish,1.74,-0.005747126436781614,0.0402298850574713,0.07471264367816098,0.34482758620689646,0.017543859649122823,
AAME,2025-06-09,bullish_engulfing,Bullish,1.76,-0.011363636363636374,0.05113636363636368,0.1988636363636363,0.2556818181818182,0.023255813953488393,0.011494252873563229
AAME,2025-06-18,bullish_engulfing,Bullish,1.87,0.026737967914438405,0.08556149732620304,0.25133689839572176,0.1631016042780747,0.01630434782608697,0.03314917127071826
AAMI,2025-06-11,shooting_star,Bearish,31.55,0.0060221870047542855,-0.0034865293185419787,0.08494453248811398,0.24564183835182238,0.003179650238473813,0.05166666666666669
AAMI,2025-07-24,shooting_star,Bearish,39.95,-0.0007509386733417055,0.0460575719649561,,,-0.0019985011241568395,-0.0029947591714498986
AAMI,2025-07-31,morning_star,Bullish,41.79,,,,,0.054238143289606425,0.0460575719649561
AAMI,2025-07-01,bullish_engulfing,Bullish,35.7,0.02941176470588227,0.060224089635854294,0.11008403361344536,0.11036414565826323,0.013053348467650421,0.08018154311649034
AAMI,2025-07-10,bullish_engulfing,Bullish,39.11,0.004858092559447654,0.024546151879314776,0.0214778828944005,,0.03328929986789955,0.06421768707482992
AAOI,2025-06-12,shooting_star,Bearish,16.92,-0.08569739952718682,0.3859338061465719,0.5496453900709217,0.7432033096926712,0.036764705882353026,0.040590405904059046
AAOI,2025-06-23,doji,Bullish,22.57,0.03190075321222857,0.13823659725299073,0.19096145325653516,0.16747895436420032,-0.03752665245202554,0.45895281189398834
AAOI,2025-07-01,doji,Bullish,25.35,0.052859960552268236,0.10138067061143985,0.1433925049309664,-0.09033530571992121,-0.01323472168158816,0.08844997853155871
AAOI,2025-07-02,morning_star,Bullish,26.69,0.07381041588609961,0.05844885724990628,0.10228550018733609,-0.14312476582989883,0.052859960552268236,0.017537171178040444
AAOI,2025-07-16,hammer,Bullish,28.985,0.015007762635846206,-0.09246161807831636,-0.20441607728135244,,-0.008720930232558106,0.03814469914040106
AAOI,2025-07-18,bearish_engulfing,Bearish,28.63,-0.01397135871463495,-0.05239259517988124,,,-0.026852481305234623,0.00809859154929579
AAOI,2025-07-28,bearish_engulfing,Bearish,25.22,-0.04401268834258523,,,,-0.07040176925912275,-0.1066241586964223
AAON,2025-06-04,doji,Bearish,95.61,-0.007948959313879355,-0.20667294216086188,-0.24924171111808385,-0.2129484363560297,0.000523231477605663,
AAON,2025-06-05,evening_star,Bearish,94.85,0.01929362150764378,-0.21823932525039524,-0.23995782814970998,-0.22625197680548229,-0.007948959313879355,
AAON,2025-06-24,doji,Bearish,73.25,-0.006825938566552901,0.022662116040955586,0.04832764505119463,0.07508532423208192,0.011181667586968558,-0.00624067290733949
AAON,2025-06-27,shooting_star,Bullish,73.59,0.0021742084522353117,-0.002717760565294236,0.012229922543823773,0.1289577388232096,0.015594810930168504,0.020807324178110695
AAON,2025-07-22,hammer,Bullish,76.0,0.03618421052631579,0.06855263157894728,,,0.008492569002123149,0.02356902356902357
AAON,2025-06-09,bearish_engulfing,Bearish,93.96,-0.1638995317156236,-0.21551724137931036,-0.22041294167730943,-0.1827373350361855,-0.028134050475796576,-0.0011693419793770536
AAP,2025-06-10,hammer,Bullish,53.25,-0.032488262910798066,-0.09427230046948362,-0.12338028169014086,0.11924882629107984,0.022072936660268685,0.024629593996536487
AAP,2025-06-17,doji,Bullish,48.23,0.006634874559402868,-0.032137673647107554,0.0161725067385445,0.2664316815260212,-0.004746182418489558,-0.09427230046948362
AAP,2025-06-18,shooting_star,Bearish,48.55,0.017919670442842525,-0.046755921730174996,0.06323377960865088,0.25911431513903205,0.006634874559402868,-0.05764751552795042
AAP,2025-07-14,hammer,Bullish,62.01,0.006289308176100638,0.012739880664408954,-0.07273020480567648,,-0.008791560102301858,0.14367392106233862
AAP,2025-07-15,hammer,Bullish,62.4,-0.0017628205128205037,0.05176282051282046,-0.09070512820512815,,0.006289308176100638,0.12008616047388257
AAP,2025-06-11,bearish_engulfing,Bearish,51.52,-0.013781055900621134,-0.05764751552795042,-0.10170807453416153,0.21428571428571425,-0.032488262910798066,-0.0030959752321980762
AAP,2025-07-01,bullish_engulfing,Bullish,49.47,-0.009298564786739455,0.17990701435213258,0.25914695775217306,0.12856276531231048,0.06409980640998057,0.025072523829258203
AAP,2025-07-24,bearish_engulfing,Bearish,59.65,-0.016261525565800485,-0.11031014249790441,,,-0.1030075187969925,-0.023411918795022916
AAPB,2025-06-12,hammer,Bullish,19.13,-0.028227914270778837,0.013591217982226952,0.014636696288552072,0.08363826450601158,0.0026205450733752995,-0.01645244215938305
AAPB,2025-06-23,doji,Bearish,19.47,-0.01078582434514624,0.03338469440164366,0.08166409861325115,0.12223934257832576,0.004125838060856023,0.047337278106508826
AAPB,2025-07-15,shooting_star,Bearish,20.82,0.00960614793467816,0.04947166186359275,0.017771373679154708,,0.004341534008683061,-0.011396011396011322
AAPB,2025-07-24,shooting_star,Bearish,21.71,0.0013818516812527674,-0.047443574389682226,,,-0.0039091176038761,0.03184410646387841
AAPB,2025-07-28,doji,Bearish,21.77,-0.026642168121267722,,,,0.001379944802207964,0.013029315960912106
AAPB,2025-06-09,bearish_engulfing,Bearish,19.58,0.012768130745658836,-0.03268641470888647,-0.016343207354443143,0.08529111338100112,-0.025385764061722327,-0.0070993914807302525
AAPB,2025-06-11,bearish_engulfing,Bearish,19.08,0.0026205450733752995,-0.028825995807127736,0.014675052410901529,0.1116352201257863,-0.037821482602118005,-0.04168759417378211
AAPD,2025-06-12,doji,Bullish,18.14,0.014332965821389085,-0.007717750826901905,-0.013230429988974751,-0.04796030871003313,-0.0016510731975784884,0.008337965536409236
AAPD,2025-06-25,doji,Bullish,17.82,0.002805836139169512,-0.04994388327721664,-0.04882154882154888,-0.052749719416386155,-0.0066889632107023965,-0.03623580313683062
AAPD,2025-07-08,doji,Bearish,17.14,-0.004667444574095791,0.0052508751458576345,-0.0180863477246209,,0.0005837711617047031,-0.02280501710376275
AAPD,2025-07-16,doji,Bullish,17.15,0.0005830903790088375,-0.01767346938775493,0.0077434402332363355,,-0.004643064422518969,0.005275498241500578
AAPD,2025-07-24,hammer,Bullish,16.88,0.0,0.03139810426540291,,,0.001964753159334801,-0.016317016317016382
AAPD,2025-06-09,bullish_engulfing,Bullish,17.93,-0.006134969325153342,0.016174010039040666,0.0005577244841049394,-0.048522030117122195,0.011851015801354451,0.0016759776536313486
AAPD,2025-06-11,bullish_engulfing,Bullish,18.17,-0.0016510731975784884,0.01375894331315355,-0.016510731975784298,-0.06053935057787569,0.019640852974186388,0.020786516853932638
AAPD,2025-06-13,bullish_engulfing,Bullish,18.4,-0.009782608695652159,-0.024456521739130398,-0.04673913043478258,-0.06358695652173904,0.014332965821389085,0.038374717832957095
AAPD,2025-07-09,bearish_engulfing,Bearish,17.06,-0.006447831184056239,0.005275498241500578,-0.012491207502930668,,-0.004667444574095791,-0.015011547344110945
AAPD,2025-07-29,bullish_engulfing,Bullish,17.1035,0.01048323442570242,,,,0.0132405213270143,0.01625074272133108
AAPG,2025-06-04,doji,Bearish,28.29,-0.011311417462000718,0.051608342170378255,0.2682926829268294,0.5146694945210323,0.019459459459459427,
AAPG,2025-06-16,doji,Bearish,32.13,-0.015250544662309429,0.23560535325241205,0.2135076252723311,0.20199190787426063,0.019676293240241224,0.07530120481927723
AAPG,2025-06-23,hammer,Bullish,37.15,0.06864064602960981,0.059892328398384966,0.1130551816958278,0.06029609690444151,-0.006153023006955697,0.17899079657251657
AAPG,2025-06-27,hammer,Bullish,39.6,-0.0056818181818182175,0.061616161616161555,-0.08585858585858581,-0.00833333333333329,-0.029649595687331557,0.059390048154093066
AAPG,2025-07-01,doji,Bullish,38.99,0.022056937676327246,0.07386509361374699,-0.009489612721210683,-0.03821492690433449,-0.009777777777777727,-0.01788413098236778
AAPG,2025-07-18,shooting_star,Bearish,40.39,-0.01683585045803416,-0.06412478336221845,,,0.0194320559513984,0.0562238493723849
AAPG,2025-06-06,bullish_engulfing,Bullish,28.38,0.052854122621564484,0.11028893587033131,0.30902043692741366,0.4570119802677943,0.014658562745799075,
AAPG,2025-07-10,bearish_engulfing,Bearish,40.74,-0.06136475208640157,-0.027488954344624478,-0.02405498281786951,,-0.02698829711010259,0.022333751568381445
AAPL,2025-06-12,doji,Bearish,199.2,-0.013805220883534136,0.00903614457831331,0.009437751004016184,0.04728915662650611,0.002112888620585509,-0.007127548223097278
AAPL,2025-06-23,doji,Bearish,201.5,-0.005955334987592996,0.01821339950372202,0.04223325062034735,0.06401985111662534,0.0024875621890547263,0.02570628658691785
AAPL,2025-06-25,doji,Bearish,201.56,-0.0027783290335384116,0.053978964080174614,0.05383012502480648,0.06052788251637224,0.0062905641537693005,0.030259660601104153
AAPL,2025-07-15,shooting_star,Bearish,209.11,0.005021280665678269,0.025297690210893748,0.010329491655109733,,0.0023487680951011845,-0.004285510213799235
AAPL,2025-07-16,doji,Bearish,210.16,-0.0006661591168632773,0.018985534830605298,-0.005281690140845,,0.005021280665678269,-0.004641470114615846
AAPL,2025-07-24,doji,Bullish,213.76,0.0005613772455090034,-0.028957709580838313,,,-0.0018211533971515983,0.017807827825921246
AAPL,2025-07-28,doji,Bearish,214.05,-0.01298761971501986,,,,0.0007948382270432762,0.0073889307228916686
AAPL,2025-06-09,bearish_engulfing,Bearish,201.45,0.006056093323405306,-0.015040953090096804,-0.005708612558947517,0.0481012658227848,-0.01211259317379364,-0.0012394645513138325
AAPL,2025-06-11,bearish_engulfing,Bearish,198.78,0.002112888620585509,-0.011067511822114844,0.011168125565952303,0.06227990743535565,-0.019193763260472622,-0.01991914012424806
AAPL,2025-06-13,bearish_engulfing,Bearish,196.45,0.010027996945787727,0.02570628658691785,0.04438788495800458,0.06444387884958018,-0.013805220883534136,-0.03663201255394272
AAPL,2025-07-09,bullish_engulfing,Bullish,211.14,0.0060149663730226875,-0.004641470114615846,0.014255943923463198,,0.00538069615732582,0.01597536329515924
AAPL,2025-07-29,bearish_engulfing,Bearish,211.27,-0.010507880910683007,,,,-0.01298761971501986,-0.014598880597014904
AAPR,2025-06-16,hammer,Bullish,26.9803,-0.0022349640293102013,0.004992531587862207,0.00999618239975094,0.013146629207236433,0.0031044585229469974,0.0017487710335199814
AAPR,2025-07-28,doji,Bearish,27.495,-0.00018185124568112593,,,,0.0001818843215715736,0.004020463832258024
AAPR,2025-07-30,shooting_star,Bearish,27.4639,-0.0005862240978156054,,,,-0.0009494361586031127,0.0006886500273273305
AAPR,2025-07-29,bearish_engulfing,Bearish,27.49,-0.0009494361586031127,,,,-0.00018185124568112593,0.0038342158115755656
AAPR,2025-07-31,bearish_engulfing,Bearish,27.4478,,,,,-0.0005862240978156054,-0.0008081543502001456
AAPU,2025-06-12,doji,Bearish,20.9,-0.027751196172248725,0.01291866028708149,0.009569377990430759,0.07942583732057418,0.002398081534772046,-0.016470588235294185
AAPU,2025-06-23,doji,Bearish,21.3,-0.01549295774647896,0.03004694835680754,0.07558685446009386,0.11690140845070415,0.006140765233821398,0.04822834645669293
AAPU,2025-06-25,doji,Bearish,21.23,-0.00706547338671701,0.10551106924163911,0.10315591144606695,0.11351860574658502,0.012398664759179856,0.05464480874316947
AAPU,2025-07-15,shooting_star,Bearish,22.65,0.010596026490066314,0.0503311258278146,0.018543046357615972,,0.003989361702127653,-0.01134875600174603
AAPU,2025-07-16,doji,Bearish,22.89,-0.0008737439930100294,0.037134119702926946,-0.013979903888160781,,0.010596026490066314,-0.010803802938634399
AAPU,2025-07-21,shooting_star,Bearish,23.39,0.017101325352714775,0.011543394613082495,,,0.012554112554112517,0.03679078014184405
AAPU,2025-07-23,hammer,Bullish,23.74,-0.004212299915753912,-0.049283909014321746,,,-0.002101723413198853,0.037134119702926946
AAPU,2025-07-24,doji,Bullish,23.64,0.00042301184433155714,-0.057106598984771634,,,-0.004212299915753912,0.033668561434193243
AAPU,2025-07-28,doji,Bearish,23.66,-0.024936601859678775,,,,0.00042283298097258197,0.011543394613082495
AAPU,2025-06-09,bearish_engulfing,Bearish,21.42,0.011671335200746964,-0.03314659197012142,-0.021008403361344668,0.08029878618113906,-0.02459016393442619,-0.005109150023223382
AAPU,2025-06-11,bearish_engulfing,Bearish,20.85,0.002398081534772046,-0.029256594724220764,0.011031175059951888,0.10743405275779368,-0.037840332256575925,-0.04137931034482752
AAPU,2025-06-13,bearish_engulfing,Bearish,20.32,0.0191929133858268,0.04822834645669293,0.07972440944881895,0.11466535433070858,-0.027751196172248725,-0.07468123861566486
AAPU,2025-06-24,bearish_engulfing,Bearish,20.97,0.012398664759179856,0.07200762994754419,0.10348116356700056,0.13209346685741535,-0.01549295774647896,0.012554321583775858
AAPU,2025-07-09,bullish_engulfing,Bullish,23.14,0.012100259291270576,-0.010803802938634399,0.025929127052722465,,0.010039284155390679,0.029359430604982212
AAPW,2025-06-04,shooting_star,Bearish,36.39,-0.015990656773838895,-0.0339461390491894,-0.05233305853256396,0.03025556471558118,-0.0015776116331709293,
AAPW,2025-06-23,hammer,Bullish,35.4,-0.007302259887005592,0.01525423728813557,0.03587570621468936,0.025706214689265643,-0.0005646527385658703,0.024284809046113114
AAPW,2025-07-18,hammer,Bullish,36.01,0.0022216051096919025,0.009719522354901457,,,0.00166898470097344,-0.025175961017866805
AAPW,2025-07-23,hammer,Bullish,36.32,-0.004955947136563869,-0.042924008810572616,,,0.0002754062241806117,0.010891014704122362
AAPW,2025-07-24,doji,Bullish,36.14,0.0060874377421139695,-0.04371887105700051,,,-0.004955947136563869,0.005285118219749588
AAPW,2025-07-25,hammer,Bullish,36.36,-0.020902090209020847,,,,0.0060874377421139695,0.009719522354901457
AAPW,2025-07-28,shooting_star,Bearish,35.6,-0.007303370786516798,,,,-0.020902090209020847,-0.013577168190634578
AAPW,2025-06-11,bearish_engulfing,Bearish,35.1547,0.0013625489621586445,-0.019033016922346095,0.0038202573197894793,0.050784105681459364,-0.023372041337926544,-0.0339461390491894
AAPW,2025-06-13,bearish_engulfing,Bearish,34.5607,0.007282838599912606,0.024284809046113114,0.039909492573935154,0.034122572748816,-0.018234448591865366,-0.05606417322619592
AAPW,2025-06-17,bearish_engulfing,Bearish,34.2741,0.006170840372176102,0.030670389594475173,0.0883144998701645,0.048896980518817586,-0.015462881042387184,-0.04783587065229484
AAPW,2025-06-27,bearish_engulfing,Bearish,35.2251,0.020295187238645176,0.04101904607793886,0.008655759671370798,0.010642979012124985,-0.0018107625605713917,-0.005502540937323661
AAPW,2025-07-07,bearish_engulfing,Bearish,36.67,0.0,-0.031088082901554417,-0.015816743932369738,,-0.021898588994692006,0.04101904607793886
AAPX,2025-06-12,doji,Bearish,18.02,-0.028856825749167567,0.012486126526082211,0.007769145394006691,0.08046614872364036,0.005019520356943662,-0.015838339705079148
AAPX,2025-06-23,doji,Bearish,18.36,-0.013616557734204794,0.03267973856209158,0.07679738562091504,0.11764705882352942,0.006303096738832471,0.04914285714285711
AAPX,2025-06-25,doji,Bearish,18.32,-0.006004366812227043,0.10807860262008735,0.10371179039301302,0.11299126637554587,0.011595803423522963,0.057736720554272515
AAPX,2025-07-07,evening_star,Bearish,19.77,0.0,-0.01517450682852811,0.021750126454223556,,-0.03325183374083128,0.0886563876651982
AAPX,2025-07-15,shooting_star,Bearish,19.57,0.010219724067450142,0.048543689320388314,0.017884517118037884,,0.005136106831022159,-0.010116337885685346
AAPX,2025-07-21,shooting_star,Bearish,20.2,0.015841584158415856,0.011386138613861408,,,0.012531328320802006,0.03749357986646125
AAPX,2025-07-23,hammer,Bullish,20.54,-0.007302823758519892,-0.05258033106134364,,,0.0009746588693956907,0.0389479008598887
AAPX,2025-07-24,shooting_star,Bearish,20.39,0.001961745953898928,-0.05443845022069639,,,-0.007302823758519892,0.03083923154701716
AAPX,2025-06-09,bearish_engulfing,Bearish,18.46,0.010292524377031296,-0.03412784398699906,-0.018959913326110585,0.08234019501625132,-0.02276336686077288,-0.0053879310344826445
AAPX,2025-06-11,bearish_engulfing,Bearish,17.93,0.005019520356943662,-0.02732849972113767,0.015616285554935926,0.11266034578918012,-0.038605898123324336,-0.042200854700854655
AAPX,2025-06-13,bearish_engulfing,Bearish,17.5,0.01885714285714276,0.04914285714285711,0.08342857142857148,0.1182857142857143,-0.028856825749167567,-0.07358390682901009
AAPX,2025-06-24,bearish_engulfing,Bearish,18.11,0.011595803423522963,0.07454445057979026,0.10325786858089459,0.1341800110436223,-0.013616557734204794,0.01570386988222104
AAPX,2025-07-09,bullish_engulfing,Bullish,19.98,0.012012012012011934,-0.010510510510510553,0.028028028028027962,,0.010622154779969695,0.02672147995889001
AAPX,2025-07-29,bearish_engulfing,Bearish,19.92,-0.023092369477911687,,,,-0.0249632892804698,-0.029239766081871243
AAPY,2025-06-04,shooting_star,Bearish,21.3893,-0.01011253290196502,-0.014913999055602525,-0.03616294128372591,0.037934855278106465,-0.0013399943972359984,
AAPY,2025-06-06,doji,Bearish,21.5302,-0.010896322375082458,-0.03298622400163493,-0.02276801887581172,0.018587844051611138,0.016870542672271404,
AAPY,2025-06-23,doji,Bearish,21.04,-0.0021387832699618897,0.019610266159695876,0.042319391634980975,0.0463070342205323,0.00023769907297356812,0.010566762728145959
AAPY,2025-07-09,hammer,Bullish,22.0489,0.005528620475397871,-0.016440729469497376,-0.003124872442616153,,0.005403458213256527,0.01420883164673419
AAPY,2025-07-15,shooting_star,Bearish,21.845,-0.007260242618448151,0.007750057221332103,-0.0012222476539252996,,9.155496960353672e-06,-0.003894137817823657
AAPY,2025-07-28,doji,Bearish,22.0376,-0.009951174356554274,,,,0.0006856623907367617,0.00720752837078789
AAPY,2025-06-09,bearish_engulfing,Bearish,21.2956,0.005310956253874007,-0.013941847142132686,-0.014115591953267309,0.0353735043858825,-0.010896322375082458,0.0015520209193608143
AAPY,2025-06-11,bearish_engulfing,Bearish,21.0703,-0.0009064892289145441,-0.021570646834644,-0.0006407122822171736,0.04755034337432306,-0.01580665804088992,-0.014913999055602525
AAPY,2025-06-24,bearish_engulfing,Bearish,20.995,0.004815432245772748,0.035484639199809355,0.05019766611097874,0.04691593236484874,-0.0021387832699618897,-0.00017620138389512125
AAPY,2025-07-29,bearish_engulfing,Bearish,21.8183,-0.006155383325006973,,,,-0.009951174356554274,-0.008903303761645746
AARD,2025-06-13,shooting_star,Bearish,10.74,0.010242085661080022,0.24115456238361266,0.2588454376163873,0.0810055865921787,-0.028933092224231488,-0.09060118543607115
AARD,2025-06-16,shooting_star,Bearish,10.85,0.038709677419354833,0.4525345622119816,0.2497695852534563,0.06912442396313365,0.010242085661080022,-0.07106164383561644
AARD,2025-07-01,doji,Bearish,13.56,-0.0029498525073746993,-0.0612094395280236,-0.144542772861357,-0.0641592920353983,0.002958579881656873,-0.13959390862944157
AARD,2025-07-02,doji,Bullish,13.52,0.029585798816568074,-0.06804733727810651,-0.1153846153846153,-0.11168639053254437,-0.0029498525073746993,-0.12093628088426535
AARD,2025-07-10,shooting_star,Bearish,12.6,-0.0341269841269841,-0.050793650793650696,0.06904761904761914,,-0.010212097407698411,-0.06804733727810651
AARD,2025-07-16,doji,Bullish,11.6,0.031034482758620793,0.22672413793103455,0.0939655172413793,,-0.0008613264427217732,-0.08876669285153187
AARD,2025-07-17,morning_star,Bullish,11.96,-0.028428093645485084,0.12625418060200666,0.004180602006688874,,0.031034482758620793,-0.050793650793650696
AARD,2025-07-23,doji,Bearish,14.23,-0.05340829234012648,-0.1082220660576248,,,0.03490909090909094,0.22672413793103455
AARD,2025-06-23,bullish_engulfing,Bullish,13.33,0.18229557389347334,0.014253563390847674,-0.021755438859715,0.0315078769692423,0.19766397124887683,0.24115456238361266
AARD,2025-07-11,bearish_engulfing,Bearish,12.17,-0.004930156121610558,-0.045193097781429804,0.2078882497945768,,-0.0341269841269841,-0.1257183908045977
AARD,2025-07-15,bearish_engulfing,Bearish,11.61,-0.0008613264427217732,0.18432385874246346,0.11800172265288554,,-0.04128819157720892,-0.10966257668711656
AAT,2025-06-03,doji,Bullish,20.07,0.00847035376183349,0.01594419531639264,0.02889885401096155,0.005979073243647284,-0.006927263730826351,
AAT,2025-06-10,doji,Bearish,20.39,-0.0034330554193232115,0.012751348700343208,-0.051495831289848,0.0289357528200098,0.00990589400693409,0.01594419531639264
AAT,2025-07-01,shooting_star,Bearish,19.83,0.018154311649016795,0.034291477559253825,0.03227433182047406,-0.04135148764498219,0.004050632911392319,-0.007507507507507614
AAT,2025-07-07,evening_star,Bearish,19.94,0.01905717151454358,0.06920762286860577,0.007021063189568556,,-0.013359722909450745,0.004534005037783368
AAT,2025-07-23,hammer,Bullish,20.26,-0.010858835143139308,-0.06169792694965449,,,0.0,-0.010258915486077054
AAT,2025-06-04,bullish_engulfing,Bullish,20.24,-0.030138339920948592,0.003952569169960566,0.004446640316205527,-0.0014822134387350587,0.00847035376183349,
AAT,2025-06-11,bearish_engulfing,Bearish,20.32,0.008366141732283373,0.0004921259842518706,-0.020177165354330714,0.04133858267716534,-0.0034330554193232115,0.003952569169960566
AAT,2025-06-18,bearish_engulfing,Bearish,20.33,-0.004918839153959561,-0.020659124446630504,-0.005902606984751473,-0.009345794392523253,-0.015496368038740936,0.0004921259842518706
AAT,2025-07-08,bullish_engulfing,Bullish,20.32,0.009350393700787465,0.020669291338582585,-0.002952755905511748,,0.01905717151454358,0.0288607594936709
AAT,2025-07-15,bearish_engulfing,Bearish,20.74,-0.013018322082931513,-0.023143683702989245,-0.01880424300867874,,-0.027204502814259,0.020669291338582585
AAT,2025-07-30,bearish_engulfing,Bearish,19.01,0.0010520778537611557,,,,-0.06584766584766584,-0.06169792694965449
AAVM,2025-06-11,shooting_star,Bearish,26.4062,0.003552196075164229,0.0005226045398430432,0.01661730957123708,0.014466299581159026,0.001752655538694951,0.0013423938598752867
AAVM,2025-07-03,hammer,Bullish,27.03,-0.007029226785053691,-0.008945615982242004,-0.012948575656677817,,0.002968460111317323,0.006891413671074773
AAVM,2025-07-18,hammer,Bullish,26.68,0.0035607196401798674,0.01830584707646172,,,-0.0011156953627508106,-0.004039091838944016
AAVM,2025-07-29,doji,Bearish,26.805,-0.0013057265435553122,,,,0.00021269212255547445,-0.0027827588002886836
AAVM,2025-06-23,bullish_engulfing,Bullish,26.44,0.007564296520423573,0.027987897125567263,0.017772314674735213,0.016633888048411427,0.005506708448690257,0.0030272911434663743
AAVM,2025-07-30,bearish_engulfing,Bearish,26.77,-0.0028016436309301193,,,,-0.0013057265435553122,-0.02370532458059818
AAXJ,2025-06-16,shooting_star,Bearish,81.14,-0.011831402514172957,0.014049790485580485,0.020335223071234972,0.03684988908060137,0.004954173891503663,0.0027187345526445733
AAXJ,2025-06-17,evening_star,Bearish,80.18,-0.0006235969069594832,0.029683212771264594,0.03591918184085801,0.05500124719381387,-0.011831402514172957,-0.015108709003807761
AAXJ,2025-06-26,doji,Bearish,82.89,-0.0028954035468692833,0.0057908070937387375,-0.00205091084569914,0.031246229943298388,0.003997093023255793,0.0344440284537627
AAXJ,2025-07-10,hammer,Bullish,82.87,-0.0018100639555931662,0.02075540002413417,0.03427054422589585,,0.004606618984119405,-0.002287503009872354
AAXJ,2025-06-12,bullish_engulfing,Bullish,82.02,-0.015605949768349198,-0.03035844915874171,0.007681053401609482,0.011338697878566287,0.0017098192476795381,0.02691874295730551
AAXJ,2025-07-11,bearish_engulfing,Bearish,82.72,0.0027804642166344776,0.022848162475822057,0.03336557059961322,,-0.0018100639555931662,-0.007796569509415925
AAXJ,2025-07-16,bullish_engulfing,Bullish,84.13,0.005467728515392939,0.023059550695352406,0.002258409604183974,,0.005257497908949668,0.01988119772093588
AB,2025-06-11,doji,Bearish,40.42,-0.005442850074220655,-0.013359722909450745,0.011875309252845048,0.023750618505690272,0.000742758108442712,0.01100550275137581
AB,2025-06-18,bullish_engulfing,Bullish,39.88,0.009528585757271701,0.025576730190571613,0.030591775325977903,0.03335005015045131,0.01166920345002539,-0.013359722909450745
AB,2025-07-08,bearish_engulfing,Bearish,40.69,0.01056770705333005,-0.0058982550995329295,0.032686163676579144,,-0.019281754639672313,-0.0034288513348028553
ABAT,2025-06-04,doji,Bearish,1.5,-0.03333333333333336,-0.0866666666666666,-0.10666666666666662,0.22000000000000006,0.013513513513513526,
ABAT,2025-06-27,shooting_star,Bearish,1.46,0.10958904109589052,0.2876712328767123,0.13013698630136983,0.9726027397260274,0.08148148148148139,0.14960629921259838
ABAT,2025-07-14,doji,Bullish,1.65,0.14545454545454545,0.5515151515151516,0.7454545454545455,,-0.017857142857142873,-0.12234042553191489
ABAT,2025-07-15,morning_star,Bullish,1.89,0.1058201058201058,0.5238095238095238,0.24338624338624348,,0.14545454545454545,-0.0406091370558376
ABAT,2025-07-21,shooting_star,Bearish,2.56,0.12499999999999993,0.12499999999999993,,,0.06666666666666674,0.5515151515151516
ABAT,2025-07-22,hammer,Bullish,2.88,0.07638888888888896,-0.1840277777777777,,,0.12499999999999993,0.5238095238095238
ABAT,2025-07-31,shooting_star,Bearish,2.17,,,,,-0.031250000000000125,-0.3560830860534125
ABAT,2025-06-20,bearish_engulfing,Bearish,1.27,-0.03149606299212601,0.14960629921259838,0.48031496062992113,1.015748031496063,-0.0522388059701493,-0.07299270072992707
ABAT,2025-07-09,bearish_engulfing,Bearish,1.8,-0.01111111111111112,0.161111111111111,0.7222222222222222,,-0.08629441624365479,0.09756097560975618
ABBV,2025-06-10,shooting_star,Bearish,189.5,0.010554089709762533,-0.021213720316622744,-0.021688654353562077,0.029023746701846966,0.0017974201733981995,0.012016021361815754
ABBV,2025-06-12,doji,Bearish,192.42,-0.006963933063091025,-0.03700239060388721,-0.05254131587153095,-0.004677268475210359,0.00480417754569184,0.02640422467594809
ABBV,2025-06-18,doji,Bearish,185.49,-0.0010243139791902406,0.007008464068143743,0.020432368321742368,0.020324545797617024,5.3914168643623716e-05,-0.031383812010443816
ABBV,2025-06-25,doji,Bullish,185.39,0.0075516478774475745,0.02891202330222781,0.051836668644479285,0.029343546038082025,-0.0008623012665051199,-0.0004852275177916941
ABBV,2025-06-26,doji,Bearish,186.79,-0.02398415332726586,0.013330478076984899,0.03030140799828683,0.01868408373039247,0.0075516478774475745,0.007008464068143743
ABBV,2025-07-24,doji,Bearish,190.83,-0.0028821464130378417,-0.009484881831997076,,,0.0014694305956441938,-0.0029780564263322527
ABBV,2025-06-27,bearish_engulfing,Bearish,182.31,0.018155888322088764,0.029181065218583692,0.05051834786901436,0.03406285996379797,-0.02398415332726586,-0.016135995682676787
ABBV,2025-07-03,bearish_engulfing,Bearish,189.28,-0.008717244294167401,0.01674767540152149,-0.0001056635672020828,,-0.007706422018348618,0.013330478076984899
ABBV,2025-07-08,bullish_engulfing,Bullish,189.77,0.004479106286557381,-0.01781103441007548,-0.014016967908520823,,0.011405425571603766,0.022357504579247955
ABBV,2025-07-25,bearish_engulfing,Bearish,190.28,-0.00924952701282316,,,,-0.0028821464130378417,0.00538941139173629
ABCB,2025-06-05,doji,Bullish,60.78,0.02122408687068113,0.02583086541625535,0.0021388614675879477,0.10282987824942415,-0.0003289473684209872,
ABCB,2025-06-06,morning_star,Bullish,62.07,0.005316578057032355,-0.02174963750604159,0.006927662316739161,0.08297083937489928,0.02122408687068113,
ABCB,2025-07-02,hammer,Bullish,67.06,0.010140172979421304,0.005666567253206016,0.004771846107962916,0.019236504622725796,0.011310511235107826,0.0619160728424387
ABCB,2025-07-03,doji,Bearish,67.74,-0.010481251845290727,-0.004281074697372189,-0.005904930617065124,,0.010140172979421304,0.04537037037037034
ABCB,2025-07-08,shooting_star,Bearish,67.22,0.0007438262421897822,-0.02157096102350495,-0.0052067836953286865,,0.0028345516932716352,0.03894899536321478
ABCB,2025-06-03,bullish_engulfing,Bullish,61.51,-0.011542838562835325,0.026662331328239322,-0.02861323362054947,0.09022923101934652,0.012343647136273865,
ABCB,2025-06-18,bullish_engulfing,Bullish,60.66,0.004121332014507089,0.0682492581602374,0.11671612265084073,0.11012199142762953,0.015230125523012495,-0.030990415335463335
ABCB,2025-06-23,bullish_engulfing,Bullish,62.5,0.01232000000000005,0.035200000000000044,0.07551999999999998,0.06992000000000008,0.026104087998686645,0.029314888010540205
ABCB,2025-07-01,bullish_engulfing,Bullish,66.31,0.011310511235107826,0.014477454380937924,0.0021112954305534696,0.03498718142060011,0.024884080370942804,0.048048048048048034
ABCB,2025-07-23,bearish_engulfing,Bearish,66.47,-0.01188506092974262,0.032495862795245925,,,-0.005981755645281975,0.00030097817908195665
ABCB,2025-07-25,bullish_engulfing,Bullish,66.42,-0.00030111412225227374,,,,0.011266747868453027,-0.013662013662013686
ABCL,2025-06-17,shooting_star,Bearish,3.12,0.1121794871794872,0.21794871794871784,0.20192307692307687,0.24999999999999992,-0.012658227848101276,0.033112582781456984
ABCL,2025-06-18,morning_star,Bullish,3.47,-0.017291066282420765,0.07780979827089338,0.09510086455331401,0.29106628242074933,0.1121794871794872,0.07430340557275548
ABCL,2025-06-23,doji,Bullish,3.33,0.10510510510510512,0.030030030030030058,0.16816816816816818,0.47747747747747743,-0.02346041055718477,0.04062499999999997
ABCL,2025-06-24,morning_star,Bullish,3.68,0.03260869565217382,-0.05163043478260868,0.14673913043478248,0.35597826086956524,0.10510510510510512,0.16455696202531644
ABCL,2025-07-03,hammer,Bullish,3.8,0.060526315789473796,0.055263157894736833,0.1789473684210528,,0.013333333333333286,0.016042780748662996
ABCL,2025-07-11,evening_star,Bearish,4.01,0.057356608478803105,0.11720698254364106,0.2743142144638405,,-0.05647058823529417,0.055263157894736833
ABCL,2025-07-21,shooting_star,Bearish,5.15,-0.04466019417475736,-0.04466019417475736,,,0.1495535714285714,0.214622641509434
ABCL,2025-07-24,shooting_star,Bearish,5.02,0.017928286852589792,-0.10956175298804778,,,0.006012024048096064,0.2871794871794871
ABCL,2025-07-25,hammer,Bullish,5.11,-0.03718199608610575,,,,0.017928286852589792,0.14062499999999997
ABCL,2025-07-15,bearish_engulfing,Bearish,3.94,0.030456852791878087,0.24873096446700507,0.1903553299492387,,-0.07075471698113213,0.012853470437017948
ABCL,2025-07-17,bearish_engulfing,Bearish,3.9,0.14871794871794886,0.2871794871794871,0.1461538461538461,,-0.03940886699507382,-0.08235294117647061
ABCL,2025-07-28,bearish_engulfing,Bearish,4.92,-0.046747967479674704,,,,-0.03718199608610575,-0.04466019417475736
ABCS,2025-06-05,shooting_star,Bearish,27.9689,0.0116808312089499,0.014079924487555778,0.006528680069648688,0.03818527006782525,-0.0028628267472868246,
ABCS,2025-06-09,hammer,Bullish,28.3157,0.0039554028330573456,-0.0019777014165286728,0.011032748616491918,0.032134116408918036,0.0007103577941446493,0.015726056684112085
ABCS,2025-06-10,doji,Bearish,28.4277,-0.002356856164937725,-0.014626579005688143,-0.0014950207016396128,0.03575034209591341,0.0039554028330573456,0.008367681382529702
ABCS,2025-06-16,doji,Bearish,28.2597,-0.008768670580367026,0.013036231807131753,0.03341861378570904,0.02022668322735203,0.010917741329660672,-0.0019777014165286728
ABCS,2025-06-18,shooting_star,Bearish,28.0973,0.0019290109725844842,0.02154655429525255,0.044381488612784854,0.032070697184426955,0.0030487043006722113,-0.00928749995592495
ABCS,2025-07-16,hammer,Bullish,28.8313,0.008789059112839266,0.02663077974284896,0.00793581975145067,,0.005142275430730841,-0.013491596408628093
ABCS,2025-06-23,bullish_engulfing,Bullish,28.3398,0.010172972286325223,0.014770746441400483,0.02931213346600894,0.034026351632686115,0.006688808766850849,0.013783111842458312
ABEO,2025-06-03,doji,Bullish,6.27,0.02711323763955356,0.030303030303030366,-0.04306220095693773,-0.0637958532695374,-0.0015923566878981966,
ABEO,2025-06-17,shooting_star,Bearish,6.0,0.0,-0.0033333333333332624,-0.02166666666666665,0.10499999999999998,0.005867560771165154,-0.07120743034055727
ABEO,2025-07-11,doji,Bullish,5.74,0.03135888501742155,0.1480836236933797,0.13763066202090593,,-0.01880341880341871,-0.025466893039049147
ABEO,2025-07-21,shooting_star,Bearish,6.75,-0.03407407407407414,-0.019259259259259243,,,0.024279210925644938,0.14020270270270271
ABEO,2025-07-24,shooting_star,Bearish,6.65,-0.018045112781954902,-0.04210526315789477,,,-0.008941877794336752,0.003016591251885439
ABEO,2025-06-09,bearish_engulfing,Bearish,6.54,-0.012232415902140683,-0.08792048929663611,-0.10397553516819567,-0.10856269113149847,-0.029673590504451064,0.04140127388535028
ABEO,2025-07-02,bullish_engulfing,Bullish,5.87,0.00340715502555359,-0.0034071550255537412,0.12947189097103914,0.08517887563884156,0.053859964093357235,-0.018394648829431492
ABEO,2025-07-07,bearish_engulfing,Bearish,5.75,0.015652173913043455,0.029565217391304334,0.17391304347826086,,-0.023769100169779234,0.0
ABEQ,2025-06-03,hammer,Bullish,34.5,-0.004168115942028951,-0.005878260869565316,-0.00405797101449277,-0.0011391304347825283,-0.00014490653528481545,
ABEQ,2025-06-13,hammer,Bullish,34.51,0.0016314111851637276,-0.002318168646769003,-0.00647638365691108,-0.01611127209504484,-0.0026011560693642603,0.005319365870995204
ABEQ,2025-06-23,hammer,Bullish,34.43,0.0013650885855357841,-0.004167876851583011,-0.004066221318617501,0.007368573918094744,0.006136762127410896,-0.002318168646769003
ABEQ,2025-07-03,doji,Bearish,34.63,-0.006419289633266074,-0.01443834825295986,-0.010470690153046504,,0.004912842745504293,0.006337923799615823
ABEQ,2025-07-07,evening_star,Bearish,34.4077,-0.003420745937682532,-0.003420745937682532,-0.0044699296959691244,,-0.006419289633266074,0.010505139500734251
ABEQ,2025-06-04,bearish_engulfing,Bearish,34.3562,-0.003673281678416248,-0.002028745903214108,-0.001199201308643082,0.007969449473457523,-0.004168115942028951,
ABEV,2025-06-18,doji,Bearish,2.41,-0.008298755186721999,-0.016597510373443997,0.024896265560165994,-0.024896265560165994,0.004166666666666763,-0.02822580645161284
ABFL,2025-06-05,shooting_star,Bearish,70.39,0.007084813183690857,-0.0024151157834919976,-0.027560733058673074,0.010370791305583237,0.004806340315160137,
ABFL,2025-07-09,hammer,Bullish,70.78,-0.011585193557502224,-0.019920881604973108,-0.0004450409720259125,,0.0008484162895927923,0.0031676741334958703
ABFL,2025-07-18,hammer,Bullish,69.931,-0.0008722883985641967,0.01777037365403039,,,0.0005866361425096125,0.014720712746584609
ABFL,2025-07-29,hammer,Bullish,70.4783,-0.0025057358080431513,,,,-0.010136235955056158,0.0035140926792110016
ABFL,2025-06-12,bullish_engulfing,Bullish,70.22,-0.015095414411848508,-0.025206493876388437,-0.000569638279692282,-0.007974935915693567,0.0029995714897870836,-0.0024151157834919976
ABFL,2025-06-23,bullish_engulfing,Bullish,69.18,0.012999421798207525,0.022838970800809457,0.022260769008383807,0.015199479618386672,0.010664718772826938,0.0002891844997109635
ABFL,2025-07-15,bearish_engulfing,Bearish,68.9581,0.0059731924168444726,0.018466286049064508,0.022045270968892743,,-0.010076083835773684,-0.02491374434389136
ABFL,2025-07-21,bearish_engulfing,Bearish,69.87,0.005173894375268246,0.019035351366824077,,,-0.0008722883985641967,0.003014642549526385
ABG,2025-07-21,shooting_star,Bearish,231.77,0.008844975622384186,-0.01108857919489158,,,0.0078709340754914,-0.11981619322497336
ABG,2025-07-22,shooting_star,Bearish,233.82,0.02010093234111717,-0.05769395261312112,,,0.008844975622384186,-0.05835447625951435
ABG,2025-07-31,shooting_star,Bearish,222.12,,,,,0.000540540540540561,-0.04493270843186993
ABG,2025-06-23,bullish_engulfing,Bullish,239.44,0.027355496157701352,-0.003758770464416997,0.061184430337454083,-0.02347143334447045,0.007659287938725667,0.029893758871349256
ABG,2025-07-01,bullish_engulfing,Bullish,248.92,0.04025389683432432,0.048569821629439194,-0.0032540575285231153,-0.10814719588622847,0.04351471451328916,0.011911053294849296
ABG,2025-07-15,bearish_engulfing,Bearish,248.31,-0.0008054448068945618,-0.05835447625951435,-0.11268172848455556,,-0.057002886222087164,-0.02274784525168248
ABIG,2025-06-12,doji,Bearish,29.2701,-0.016245246856006652,-0.024130426612823285,0.015691781032521206,0.03354959497917668,0.003755066768173515,0.015966622816304035
ABIG,2025-07-09,hammer,Bullish,30.2852,0.00027736320050723585,-0.004685456922853397,0.013570985167672705,,0.008612363704182335,0.01407337710824416
ABL,2025-07-03,hammer,Bullish,5.39,-0.0074211502782931425,-0.08534322820037106,-0.06122448979591839,,0.011257035647279477,-0.009191176470588366
ABL,2025-07-07,shooting_star,Bearish,5.35,0.024299065420560897,-0.09719626168224292,-0.02429906542056073,,-0.0074211502782931425,0.15301724137931036
ABL,2025-07-15,shooting_star,Bearish,4.86,0.030864197530864085,0.09465020576131686,0.09876543209876533,,0.006211180124223654,-0.11313868613138688
ABL,2025-06-13,bullish_engulfing,Bullish,6.06,0.0016501650165017616,-0.10066006600660057,-0.15181518151815182,-0.19801980198019792,0.037671232876712285,0.001652892561983436
ABL,2025-06-20,bearish_engulfing,Bearish,5.49,-0.007285974499089259,-0.15482695810564673,-0.02550091074681249,-0.04918032786885254,-0.033450704225352026,-0.05993150684931501
ABL,2025-06-26,bullish_engulfing,Bullish,5.44,-0.14705882352941188,-0.009191176470588366,-0.09375000000000011,-0.034926470588235364,0.024482109227872088,-0.042253521126760445
ABL,2025-07-07,bearish_engulfing,Bearish,5.35,0.024299065420560897,-0.09719626168224292,-0.02429906542056073,,-0.0074211502782931425,0.15301724137931036
ABL,2025-07-24,bearish_engulfing,Bearish,5.32,-0.013157894736842158,0.016917293233082678,,,-0.022058823529411783,0.041095890410958895
ABLD,2025-06-09,shooting_star,Bearish,28.4105,0.008053360553316544,0.0032663979866598774,0.00940497351331383,0.023396279544534587,0.0008666274453161432,0.012155629103682694
ABLD,2025-06-11,hammer,Bullish,28.6594,0.001416638171071193,-0.006413253592189701,0.0027111523618777817,0.014560667704138863,0.0007018327961927454,0.018439615500790752
ABLD,2025-06-17,shooting_star,Bearish,28.3917,0.002955088987274445,-0.0007079533807415315,0.0242747000003522,0.01777632195324689,-0.0039153361189756715,-0.008645462703348143
ABLD,2025-06-23,hammer,Bullish,28.5923,0.002986818129356502,-0.002518160483766704,0.014115688489558282,0.012160616669522901,0.005524842448795976,0.00500175746924437
ABLD,2025-06-24,doji,Bearish,28.6777,-0.010673798805343549,0.005659449676926613,0.013860944217981125,0.020653678642289935,0.002986818129356502,0.006118589777324103
ABLD,2025-06-25,evening_star,Bearish,28.3716,0.012882600910769954,0.025000352465141158,0.02896558530361346,0.026085945100029543,-0.010673798805343549,-0.0007079533807415315
ABLD,2025-07-25,hammer,Bullish,29.14,-0.005833905284831905,,,,0.0009721177396030306,0.007607192254495119
ABLD,2025-06-12,bullish_engulfing,Bullish,28.7,-0.008710801393728223,-0.00922648083623697,-0.00833101045296169,0.012557491289198678,0.001416638171071193,0.018821574878060927
ABLD,2025-06-30,bullish_engulfing,Bullish,28.5203,0.01120955950673734,0.0166758414182179,0.006034298376945557,0.020609881382734455,0.0020870738451700447,-0.002518160483766704
ABLG,2025-07-29,shooting_star,Bearish,30.3572,-0.01675385081628074,,,,0.0017224880382774835,-0.006704382225043504
ABLG,2025-06-06,bullish_engulfing,Bullish,31.0198,0.002304979400254042,-0.012553272425998827,-0.016092947085409908,0.0018633260046808909,0.0017762104066552898,
ABLG,2025-06-23,bullish_engulfing,Bullish,30.5206,0.01626442468365621,0.017555356054599132,0.018249968873482125,0.0013597373577190226,0.010595815977166025,-0.0035846740493104853
ABLLL,2025-06-11,hammer,Bullish,25.04,-0.0067851437699679865,-0.005591054313099065,-0.009984025559105431,-0.014776357827475937,0.00039952057530954897,0.09584724659626508
ABLLL,2025-06-12,evening_star,Bearish,24.8701,-0.00844789526379068,0.009244031990221216,-0.04222339274872238,-0.005637291365937415,-0.0067851437699679865,0.02662951496388026
ABLLL,2025-07-03,doji,Bearish,24.9,-0.0012048192771083367,-0.009236947791164534,-0.014457831325301183,,0.0008038585209003044,0.004437273093989489
ABLLL,2025-07-17,shooting_star,Bearish,24.75,-0.008484848484848519,0.010101010101010102,0.008484848484848519,,0.0,-0.0012106537530266802
ABLLL,2025-07-28,hammer,Bullish,24.92,0.002006420545746274,,,,0.0,0.009315512353179442
ABLLL,2025-06-25,bearish_engulfing,Bearish,24.83,-0.0016109544905356082,0.0020136931131695818,-0.0020136931131694387,0.006846556584776549,-0.014682539682539722,0.007298144835112229
ABLLL,2025-07-09,bearish_engulfing,Bearish,24.79,-0.0004033884630898754,-0.0016135538523597882,0.009346510689794273,,-0.0052166934189407125,0.0028317152103559985
ABLLW,2025-06-03,hammer,Bullish,1.6093,-0.3998632946001367,-0.26054806437581557,-0.35375629155533456,-0.26054806437581557,0.011057360055286838,
ABLLW,2025-06-11,shooting_star,Bearish,1.19,-0.07563025210084022,-0.2227731092436974,-0.28159663865546214,-0.07563025210084022,0.0,0.2321391592462207
ABLLW,2025-06-16,hammer,Bullish,1.14,-0.08771929824561392,-0.2105263157894736,0.0701754385964913,-0.01754385964912263,-0.008695652173913052,0.0754716981132074
ABLLW,2025-06-24,doji,Bullish,0.9,0.02222222222222224,0.3555555555555555,0.2999999999999999,0.3444444444444444,-0.09090909090909088,-0.2105263157894736
ABLLW,2025-06-26,doji,Bullish,0.8549,0.18142472803836707,0.3919756696689671,0.2867001988536672,0.356883846063867,-0.07076086956521743,-0.07568385771434756
ABLLW,2025-07-02,hammer,Bullish,1.19,0.0,-0.016806722689075647,-0.05042016806722694,,-0.024590163934426253,0.2934782608695651
ABLLW,2025-07-07,shooting_star,Bearish,1.19,0.019411764705882455,-0.0672268907563024,-0.042016806722689114,,0.0,0.17821782178217815
ABLLW,2025-07-15,doji,Bullish,1.1,0.018181818181818195,0.08181818181818168,0.018181818181818195,,-0.009009009009009016,-0.09323221498639846
ABLLW,2025-07-09,bearish_engulfing,Bearish,1.17,0.0,-0.04273504273504258,0.03418803418803422,,-0.035528810485533045,-0.04098360655737709
ABLV,2025-06-03,doji,Bullish,1.23,0.02040650406504075,-0.06504065040650413,-0.10569105691056901,-0.2008130081300813,-0.008064516129032265,
ABLV,2025-06-04,doji,Bearish,1.2551,-0.035933391761612726,-0.01999840650147408,-0.14747828858258308,-0.2829256632937615,0.02040650406504075,
ABLV,2025-06-05,shooting_star,Bearish,1.21,-0.1157024793388429,-0.10743801652892554,-0.14876033057851235,-0.2826446280991735,-0.035933391761612726,
ABLV,2025-06-10,doji,Bullish,1.15,0.06956521739130442,-0.043478260869565064,-0.08695652173913032,-0.24599999999999997,-0.033613445378151294,-0.06504065040650413
ABLV,2025-06-16,doji,Bullish,1.07,0.028037383177570117,-0.028037383177570117,-0.0654205607476636,-0.028037383177570117,-0.04035874439461877,-0.10084033613445369
ABLV,2025-06-23,doji,Bullish,1.01,0.02970297029702973,-0.009801980198019821,-0.15445544554455448,0.06930693069306937,-0.019417475728155355,-0.09417040358744393
ABLV,2025-07-10,doji,Bullish,0.853,0.016529894490035172,0.2192262602579133,0.2545134818288395,,-0.001170960187353631,-0.14700000000000002
ABLV,2025-07-11,hammer,Bullish,0.8671,0.05408834044516209,0.22246569023180726,0.2570637758044056,,0.016529894490035172,-0.11790437436419125
ABLV,2025-07-16,doji,Bullish,1.02,0.01960784313725492,0.058823529411764754,0.042352941176470496,,-0.019230769230769246,0.19437939110070263
ABLV,2025-07-17,shooting_star,Bearish,1.04,0.019230769230769246,0.028942307692307705,-0.03846153846153849,,0.01960784313725492,0.2192262602579133
ABLV,2025-07-24,doji,Bullish,1.0701,0.018596392860480353,-0.06550789645827497,,,-0.009166666666666684,0.028942307692307705
ABLV,2025-07-31,shooting_star,Bearish,1.0,,,,,-0.059443190368698204,-0.06550789645827497
ABLV,2025-06-12,bearish_engulfing,Bearish,1.08,0.03240740740740733,-0.046296296296296335,-0.0555555555555556,-0.03703703703703707,-0.12195121951219505,-0.10743801652892554
ABLV,2025-07-23,bearish_engulfing,Bearish,1.08,-0.009166666666666684,-0.015555555555555692,,,-0.035111230233181356,0.058823529411764754
ABM,2025-06-09,doji,Bearish,48.25,-0.00932642487046638,-0.07025906735751297,-0.06652849740932644,0.012849740932642434,0.03518558249302726,-0.07531621310847067
ABM,2025-06-24,doji,Bearish,45.04,-0.013099467140319634,0.05506216696269991,0.08503552397868558,0.06771758436944947,0.008057296329453881,0.004012483281319655
ABM,2025-07-02,doji,Bearish,48.28,-0.007249378624689342,0.016570008285004083,0.002899751449875737,-0.044531897265948604,0.01599326599326595,0.08616422947131604
ABM,2025-07-11,doji,Bullish,48.72,0.01580459770114949,-0.020525451559934318,-0.020935960591132924,,-0.007334963325183363,0.016482370123096165
ABM,2025-07-21,shooting_star,Bearish,47.51,0.007577352136392327,-0.008419280151547014,,,-0.004400670578373865,-0.04000808244089723
ABM,2025-07-23,doji,Bearish,48.09,-0.011852776044915789,-0.033478893740902606,,,0.004595780238145101,-0.0006234413965086041
ABM,2025-07-25,hammer,Bullish,47.7,-0.012368972746331308,,,,0.0037878787878787815,-0.00041911148365456877
ABM,2025-07-07,bullish_engulfing,Bullish,48.22,-0.012442969722107039,0.026337619245126568,-0.014724180837826647,,0.006050490298351746,0.039672272531263396
ABM,2025-07-14,bullish_engulfing,Bullish,49.49,-0.03232976358860379,-0.04000808244089723,-0.04809052333804814,,0.01580459770114949,0.026337619245126568
ABM,2025-07-18,bearish_engulfing,Bearish,47.72,-0.004400670578373865,-0.00041911148365456877,,,-0.014456836018174365,-0.020525451559934318
ABNB,2025-06-06,shooting_star,Bearish,140.64,-0.011589874857792915,-0.03626279863481225,-0.07188566552901014,-0.02595278725824785,0.024400903197610856,
ABNB,2025-06-23,hammer,Bullish,130.53,0.012410940013789968,0.013866544089481363,0.04949053857350807,0.06818355933501881,-0.009109542245502079,-0.036963258078795865
ABNB,2025-06-24,doji,Bearish,132.15,-0.018766553159288824,0.02466893681422619,0.03556564510026476,0.05811577752553921,0.012410940013789968,-0.036877778587566516
ABNB,2025-06-27,hammer,Bullish,134.52,-0.016205768658935523,0.01843592030924762,0.030107047279214857,0.0567945286946178,0.005982650314089227,0.021179685720792686
ABNB,2025-07-02,doji,Bullish,135.39,0.008124676859443259,0.011891572494275898,0.028879533200384264,-0.022010488219218482,-0.00014769957905627526,0.044111976555872595
ABNB,2025-07-03,shooting_star,Bearish,136.49,0.003736537475272847,-0.008352260238845444,0.020880650597113297,,0.008124676859443259,0.020714926712533728
ABNB,2025-07-10,doji,Bearish,137.0,-0.012043795620437997,0.016788321167883296,0.03372262773722631,,0.001096090610157148,0.011891572494275898
ABNB,2025-06-09,bearish_engulfing,Bearish,139.01,-0.0032371771814976523,-0.012948708725990814,-0.04934896770016535,-0.0155384504711891,-0.011589874857792915,0.07244252430180517
ABNB,2025-06-25,bearish_engulfing,Bearish,129.67,0.031233130253721073,0.044111976555872595,0.05652810981722845,0.0921570139585102,-0.018766553159288824,-0.027742370848016923
ABNB,2025-06-30,bearish_engulfing,Bearish,132.34,0.0231978237872147,0.0351367689285175,0.031736436451564064,0.03400332476953302,-0.016205768658935523,0.013866544089481363
ABNB,2025-07-01,bullish_engulfing,Bullish,135.41,-0.00014769957905627526,0.01063436969204636,0.009600472638653063,-0.004874086108854565,0.0231978237872147,0.02466893681422619
ABNB,2025-07-14,bullish_engulfing,Bullish,138.57,-0.014649635563253239,-0.0036082846214909436,0.025907483582304998,,0.02379017362393793,0.011459854014598491
ABNB,2025-07-29,bearish_engulfing,Bearish,136.84,-0.015273311897106134,,,,-0.03742262239729877,-0.018575629348059983
ABNY,2025-06-20,hammer,Bullish,11.86,-0.010118043844856596,-0.02202360876897123,-0.009274873524451891,0.011804384485666152,0.0008438818565400664,-0.03597613512590839
ABNY,2025-06-23,hammer,Bullish,11.74,0.005962521294718933,-0.02214650766609879,0.005178875638841602,0.031516183986371314,-0.010118043844856596,-0.022814859207098238
ABNY,2025-06-24,hammer,Bullish,11.81,-0.012760372565622395,-0.00716342082980525,0.0,0.027519051651143038,0.005962521294718933,-0.026380873866446847
ABNY,2025-06-26,hammer,Bullish,11.53,0.005967042497831857,0.01851691240242843,0.016253252385082413,0.026461405030355704,-0.011089859597059912,-0.027004219409282725
ABNY,2025-06-30,shooting_star,Bearish,11.48,0.021376306620209062,0.027944250871080156,0.0298780487804878,0.0004006968641114928,-0.01024243887298688,-0.02214650766609879
ABNY,2025-07-03,shooting_star,Bearish,11.7435,0.0005534976795674917,-0.002222506067186066,0.03206028867032827,,0.0010826201111602638,0.01851691240242843
ABNY,2025-07-08,shooting_star,Bearish,11.8008,0.000779608162158487,0.0018812283912954862,0.026201613449935494,,0.004323404255319202,0.027944250871080156
ABNY,2025-07-17,morning_star,Bullish,12.0278,0.007665574751824944,-0.014782420725319637,-0.07713796371738801,,0.02190314358538654,0.01705549589467355
ABNY,2025-07-29,bearish_engulfing,Bearish,11.4846,-0.01925186771850999,,,,-0.03206068268015169,-0.05164327002477284
ABOS,2025-06-12,hammer,Bullish,1.14,-0.06140350877192969,0.052631578947368474,-0.01754385964912263,0.30701754385964924,0.0,0.06542056074766339
ABOS,2025-06-20,hammer,Bullish,1.2,0.025000000000000022,-0.06666666666666654,-0.03333333333333337,0.29166666666666674,-0.016393442622950834,0.052631578947368474
ABOS,2025-07-23,shooting_star,Bearish,1.68,-0.041666666666666574,-0.13095238095238093,,,0.005988023952095814,0.21739130434782614
ABOS,2025-06-10,bearish_engulfing,Bearish,1.18,-0.0338983050847458,0.0338983050847458,0.04237288135593224,0.10169491525423738,-0.07086614173228353,0.13461538461538453
ABOT,2025-06-13,shooting_star,Bearish,37.2784,0.011220975149148089,0.007159642044722941,0.03682829735181771,0.020373728486201198,-0.014255305083625432,-0.02167985408547557
ABOT,2025-06-23,morning_star,Bullish,37.5453,0.01202813667756015,0.029457748373298436,0.03593792032558002,0.03376454576205291,0.009762709676378266,0.007159642044722941
ABOT,2025-07-14,shooting_star,Bearish,38.2094,-0.004488424314435761,0.013897103854025417,0.03276942323093267,,0.007892335044394358,-0.020467701331528587
ABOT,2025-07-16,morning_star,Bullish,38.2511,0.009709524693407544,0.02282025876380029,0.02176146568333982,,0.005604936129491914,-0.017438993064474665
ABOT,2025-07-21,shooting_star,Bearish,38.7404,0.0018740126586199763,0.01861364363816584,,,0.0004260934461663372,0.013897103854025417
ABP,2025-06-11,shooting_star,Bearish,0.2541,-0.08972845336481695,-0.1774891774891775,-0.12239275875639508,-0.18693427784336872,-0.06923076923076933,0.20312499999999997
ABP,2025-06-12,shooting_star,Bearish,0.2313,-0.07047124945957635,-0.09770860354517946,-0.08776480760916563,-0.1444012105490705,-0.08972845336481695,0.08949599623174762
ABP,2025-06-13,doji,Bullish,0.215,0.03720930232558143,0.09767441860465112,-0.01023255813953492,-0.09395348837209301,-0.07047124945957635,0.022349025202092296
ABP,2025-06-23,morning_star,Bullish,0.236,-0.09745762711864404,-0.09830508474576272,-0.16949152542372875,-0.059322033898305024,0.13080977479635836,0.09767441860465112
ABP,2025-07-02,shooting_star,Bearish,0.1928,-0.02489626556016597,0.00985477178423243,0.017634854771784305,0.3402489626556018,0.0005189413596263051,-0.11152073732718894
ABP,2025-07-08,morning_star,Bullish,0.196,0.03571428571428575,-0.00612244897959187,0.13265306122448978,,0.048689138576779006,-0.07894736842105254
ABP,2025-07-15,shooting_star,Bearish,0.1948,0.12012320328542096,0.13963039014373718,0.6601642710472281,,-0.015664477008590156,-0.00612244897959187
ABP,2025-07-24,doji,Bullish,0.2661,0.18526869597895532,-0.028936490041337786,,,-0.08963393773520356,0.356269113149847
ABP,2025-06-18,bearish_engulfing,Bearish,0.209,-0.0014354066985645681,0.06698564593301441,-0.10047846889952149,-0.024401913875598057,-0.050000000000000044,-0.1774891774891775
ABP,2025-06-23,bullish_engulfing,Bullish,0.236,-0.09745762711864404,-0.09830508474576272,-0.16949152542372875,-0.059322033898305024,0.13080977479635836,0.09767441860465112
ABP,2025-07-03,bearish_engulfing,Bearish,0.188,-0.00585106382978718,0.09893617021276599,0.08457446808510637,,-0.02489626556016597,-0.15695067264573992
ABP,2025-07-11,bullish_engulfing,Bullish,0.2066,-0.04211035818005815,-0.013068731848983581,0.526621490803485,,0.06111967128916278,0.09893617021276599
ABP,2025-07-23,bullish_engulfing,Bullish,0.2923,-0.08963393773520356,0.01915839890523433,,,0.31666666666666665,0.33959670027497707
ABPWW,2025-06-03,shooting_star,Bearish,0.0171,0.0,0.12865497076023394,0.44444444444444436,1.1929824561403508,0.005882352941176435,
ABPWW,2025-06-10,shooting_star,Bearish,0.0193,-0.005181347150259216,0.2797927461139895,0.0777202072538859,1.626943005181347,0.026595744680851085,0.12865497076023394
ABPWW,2025-07-15,shooting_star,Bearish,0.0224,0.031249999999999965,1.2484821428571429,,,-0.4026666666666667,0.0821256038647343
ABPWW,2025-07-25,shooting_star,Bearish,0.050366,0.016558789659691087,,,,-0.006587771203155837,1.2484821428571429
ABPWW,2025-07-30,doji,Bearish,0.055,-0.07090909090909092,,,,0.07632093933463797,0.8333333333333334
ABPWW,2025-06-06,bearish_engulfing,Bearish,0.0152,0.23684210526315794,0.36184210526315785,0.9342105263157894,0.9736842105263157,-0.1648351648351649,
ABR,2025-07-14,doji,Bearish,11.28,-0.01950354609929068,0.0008865248226950166,0.044326241134751775,,0.0026666666666666098,0.054205607476635526
ABR,2025-07-15,evening_star,Bearish,11.06,0.022603978300180832,0.0687160940325497,0.06509945750452069,,-0.01950354609929068,0.007285974499089259
ABR,2025-06-20,bearish_engulfing,Bearish,10.12,0.03162055335968383,0.04347826086956535,0.05731225296442689,0.11561264822134387,-0.010752688172043128,-0.038936372269705616
ABR,2025-06-23,bullish_engulfing,Bullish,10.44,0.010536398467433067,0.024904214559386954,0.05172413793103457,0.1321839080459771,0.03162055335968383,0.007722007722007729
ABR,2025-07-10,bullish_engulfing,Bullish,11.25,0.0,0.008888888888888858,0.0684444444444444,,0.023657870791628732,0.017179023508137388
ABR,2025-07-18,bearish_engulfing,Bearish,11.21,0.007136485280998956,0.07760927743086522,,,-0.012334801762114432,-0.00355555555555548
ABRpD,2025-06-05,doji,Bearish,17.0509,-0.00026978048079573147,0.030737380431531517,0.03161709939064808,0.05918162677629921,0.002994117647058742,
ABRpD,2025-06-10,hammer,Bullish,17.2,0.010465116279069752,0.02674418604651168,0.008720930232558264,0.06395348837209311,-0.0005810575246950356,0.008797653958944197
ABRpD,2025-06-18,shooting_star,Bearish,17.53,0.0034227039361094534,0.004848830576155008,0.04107244723331425,0.004962920707358798,-0.007361268403170951,0.008630609896432804
ABRpD,2025-06-25,shooting_star,Bearish,17.35,0.015273775216138156,0.03285302593659944,0.05475504322766566,0.030547550432276516,-0.0068689181453919545,-0.01755379388448464
ABRpD,2025-06-27,hammer,Bullish,17.61,-0.02952867688813172,0.02555366269165243,0.038046564452016,0.008245315161839814,-0.00028384899233602077,0.0011370096645821248
ABRpD,2025-07-17,doji,Bearish,17.8299,-0.011940616604691987,0.002809886763246035,0.02075726728697305,,0.005634517766497355,-0.025688524590164054
ABRpD,2025-07-21,shooting_star,Bearish,17.74,0.0056426155580609465,0.0008568207440811783,,,0.006981892490208182,-0.029540481400437784
ABRpD,2025-07-24,shooting_star,Bearish,17.88,-0.0016778523489931535,0.017897091722595095,,,-0.0022321428571430075,0.002809886763246035
ABRpD,2025-06-04,bearish_engulfing,Bearish,17.0,0.002994117647058742,0.02235294117647053,0.03117647058823536,0.07352941176470588,-0.0029325513196481355,
ABRpD,2025-06-20,bullish_engulfing,Bullish,17.59,0.0067254121660034905,0.0011370096645821248,0.026719727117680437,0.008527572484366036,0.0034227039361094534,0.0008534850640114121
ABRpD,2025-06-30,bearish_engulfing,Bearish,17.09,0.02600936220011711,0.05909888823873619,0.04675833820947919,0.050321825629022786,-0.02952867688813172,-0.03491583042979853
ABRpE,2025-06-06,doji,Bullish,16.85,0.008308605341246113,0.038872403560830715,0.02100296735905041,0.057566765578634944,-0.00384274312740158,
ABRpE,2025-06-10,doji,Bullish,16.9,0.02852662721893507,0.023668639053254566,0.023076923076923113,0.055029585798816553,-0.005297233666862852,-0.0029498525073746733
ABRpE,2025-06-16,evening_star,Bearish,17.23,0.004062681369704021,0.0030412071967497777,0.006384213580963403,0.011897852582704486,-0.01570979720079969,0.014125956444967747
ABRpE,2025-06-17,shooting_star,Bearish,17.3,-0.007803468208092575,-0.0005780346820810152,0.013294797687861296,0.007803468208092371,0.004062681369704021,0.023668639053254566
ABRpE,2025-06-27,doji,Bearish,17.3193,-0.011507393485879763,0.02775516331491471,0.028078502017979942,0.015537579463373329,0.004017391304347731,0.014010538641686188
ABRpE,2025-06-30,evening_star,Bearish,17.12,0.012850467289719558,0.040887850467289676,0.017254672897196306,0.030957943925233503,-0.011507393485879763,-0.004876801190427744
ABRpE,2025-07-07,hammer,Bullish,17.8,0.0011235955056179536,0.00031460674157289927,-0.022471910112359668,,0.002252252252252204,0.02775516331491471
ABRpE,2025-07-10,doji,Bullish,17.83,0.00034212002243409957,-0.022153673583847427,-0.010656197420078393,,-0.0005605381165920158,0.01711351968054747
ABRpE,2025-07-11,doji,Bearish,17.8361,-0.0017100150817723591,-0.024730742707206103,-0.01099455598477233,,0.00034212002243409957,0.004284909909909725
ABRpE,2025-07-17,hammer,Bullish,17.435,-0.0022942357327214885,0.011757958130197985,0.019787783194723397,,0.0,-0.022153673583847427
ABRpE,2025-07-18,shooting_star,Bearish,17.395,0.0002874389192296065,0.014084507042253579,,,-0.0022942357327214885,-0.024730742707206103
ABRpE,2025-07-30,hammer,Bullish,17.71,0.0039525691699604905,,,,0.003399433427762169,0.00625571736203042
ABRpE,2025-06-16,bearish_engulfing,Bearish,17.23,0.004062681369704021,0.0030412071967497777,0.006384213580963403,0.011897852582704486,-0.01570979720079969,0.014125956444967747
ABRpF,2025-06-03,doji,Bullish,20.24,0.0038883399209486825,0.011857707509881523,0.008394268774703654,0.04347826086956535,-0.00881488736532827,
ABRpF,2025-06-18,shooting_star,Bearish,20.42,-0.004407443682664222,-0.0009794319294810542,0.03672869735553379,0.04249755142017625,0.0004948578875938309,-0.010658914728682115
ABRpF,2025-07-28,hammer,Bullish,21.2679,0.0015093168577997732,,,,0.0022573044297833204,-0.0015070422535211172
ABRpF,2025-06-24,bullish_engulfing,Bullish,20.38,-0.002453385672227709,0.01668302257114818,0.038891069676153106,0.040235525024533876,0.003940886699507305,-0.005853658536585414
ABRpF,2025-07-11,bearish_engulfing,Bearish,21.0,0.00952380952380949,0.013704761904761938,0.010476190476190422,,-0.012693935119887145,-0.008030231459612739
ABRpF,2025-07-29,bullish_engulfing,Bullish,21.3,0.013450704225352121,,,,0.0015093168577997732,0.004716981132075539
ABSI,2025-06-10,shooting_star,Bearish,3.03,-0.006600660066006607,-0.10561056105610557,-0.08910891089108912,-0.09900990099009896,0.02020202020202007,0.08992805755395684
ABSI,2025-06-13,doji,Bullish,2.78,0.014388489208633108,-0.007194244604316554,-0.07553956834532373,-0.07553956834532373,-0.021126760563380302,-0.08250825082508251
ABSI,2025-06-16,doji,Bearish,2.82,-0.03900709219858152,-0.0035460992907800663,-0.08156028368794326,-0.028368794326241006,0.014388489208633108,-0.05050505050505062
ABSI,2025-06-23,doji,Bullish,2.76,0.018115942028985605,-0.06884057971014491,-0.0434782608695651,0.3152173913043479,-0.0107526881720431,-0.007194244604316554
ABSI,2025-07-03,doji,Bearish,2.77,-0.06859205776173283,-0.03610108303249101,0.12635379061371843,,0.02973977695167289,0.02214022140221404
ABSI,2025-07-07,evening_star,Bearish,2.58,0.023255813953488393,0.031007751937984523,0.36046511627906963,,-0.06859205776173283,-0.015267175572519097
ABSI,2025-07-08,shooting_star,Bearish,2.64,0.07196969696969695,-0.02651515151515162,0.3749999999999999,,0.023255813953488393,0.027237354085603224
ABSI,2025-07-25,hammer,Bullish,2.89,0.027681660899654004,,,,-0.17663817663817655,-0.0737179487179487
ABSI,2025-06-25,bearish_engulfing,Bearish,2.76,-0.018115942028985445,-0.025362318840579653,-0.010869565217391235,0.27173913043478265,-0.017793594306049917,0.018450184501844952
ABT,2025-07-10,doji,Bearish,133.6,-0.011826347305389102,-0.09797904191616759,-0.05958083832335325,,0.002852424560876711,-0.003802848408023408
ABT,2025-07-14,doji,Bearish,132.03,-0.004089979550102189,-0.05763841551162614,-0.0430205256381126,,7.57460990758287e-05,-0.012490650710545906
ABT,2025-07-31,evening_star,Bearish,126.19,,,,,-0.018358615324776457,0.004377586755810229
ABT,2025-06-04,bearish_engulfing,Bearish,132.96,0.007370637785800163,0.01744885679903725,-0.004136582430806343,0.011131167268351306,-0.005609154139555755,
ABT,2025-07-09,bearish_engulfing,Bearish,133.22,0.002852424560876711,-0.01110944302657251,-0.055472151328629336,,-0.0010497900419917123,-0.022310289153089625
ABTS,2025-06-23,doji,Bullish,3.5401,0.016920425976667406,0.07621253636902914,0.25968192988898614,0.3445947854580379,-0.05342388833926046,-0.1689906103286385
ABTS,2025-07-21,shooting_star,Bearish,4.69,0.014925373134328228,0.006396588486140588,,,-0.004246284501061481,-0.13228492136910264
ABTS,2025-07-31,hammer,Bullish,3.94,,,,,-0.0025316455696203113,-0.14718614718614723
ABTS,2025-06-04,bullish_engulfing,Bullish,4.2891,-0.04175701196055117,0.04294607260264384,-0.11170175561306574,0.13776783008090263,0.07496240601503762,
ABTS,2025-06-30,bearish_engulfing,Bearish,3.8099,0.03590645423764404,0.17047691540460375,0.351741515525342,0.11026536129557223,-0.04750118752968823,0.07621253636902914
ABTS,2025-07-09,bearish_engulfing,Bearish,4.25,0.05176470588235288,0.17411764705882357,0.13176470588235284,,-0.046956989729559945,0.07684901309955156
ABTS,2025-07-18,bearish_engulfing,Bearish,4.71,-0.004246284501061481,-0.01910828025477704,,,-0.08540137481067225,-0.1989795918367347
ABTS,2025-07-24,bearish_engulfing,Bearish,4.62,0.0,-0.14718614718614723,,,-0.0395010395010394,-0.10287778166142371
ABUS,2025-06-05,doji,Bullish,3.4,0.023529411764705903,0.05294117647058828,0.008823529411764779,-0.07647058823529405,-0.0029325513196481615,
ABUS,2025-06-06,morning_star,Bullish,3.48,0.008620689655172358,0.014367816091953972,-0.020114942528735587,-0.08620689655172409,0.023529411764705903,
ABUS,2025-06-13,doji,Bullish,3.53,0.014164305949008575,-0.0339943342776203,-0.12464589235127478,-0.11331444759206798,-0.013966480446927448,0.014367816091953972
ABUS,2025-07-24,shooting_star,Bearish,3.24,-0.006172839506172844,0.012345679012345552,,,0.0030959752321982137,0.03184713375796181
ABUS,2025-07-30,shooting_star,Bearish,3.3,-0.006060606060606067,,,,0.0,0.02167182662538695
ABUS,2025-06-11,bearish_engulfing,Bearish,3.5,0.022857142857142878,-0.008571428571428516,-0.08571428571428566,-0.0942857142857143,-0.014084507042253471,0.0263929618768328
ABUS,2025-06-20,bearish_engulfing,Bearish,3.43,-0.005830903790087469,-0.08746355685131203,-0.08454810495626823,-0.08454810495626823,-0.011527377521613843,-0.0418994413407821
ABUS,2025-07-01,bullish_engulfing,Bullish,3.18,0.0031446540880502474,0.05031446540880494,-0.015723270440251656,0.03773584905660367,0.029126213592233108,-0.056379821958456956
ABVC,2025-06-03,shooting_star,Bearish,1.65,-0.04242424242424233,0.006060606060606067,0.21212121212121218,0.8787878787878789,0.07142857142857134,
ABVC,2025-06-17,shooting_star,Bearish,2.0,-0.030000000000000027,0.06000000000000005,0.55,0.79,0.025641025641025664,0.20481927710843378
ABVC,2025-07-03,hammer,Bullish,3.11,0.2829581993569133,0.27652733118971073,0.07717041800643094,,0.0032258064516128343,0.4200913242009132
ABVC,2025-07-09,hammer,Bullish,4.68,-0.2841880341880341,-0.24786324786324782,-0.344017094017094,,-0.01265822784810137,0.933884297520661
ABVC,2025-07-15,doji,Bearish,3.57,-0.014005602240896309,-0.15686274509803924,-0.165266106442577,,0.01709401709401711,-0.24683544303797475
ABVC,2025-07-16,shooting_star,Bearish,3.52,0.01704545454545456,-0.12784090909090914,-0.18181818181818185,,-0.014005602240896309,-0.24786324786324782
ABVC,2025-07-17,hammer,Bullish,3.58,-0.06424581005586591,-0.09217877094972068,-0.3296089385474861,,0.01704545454545456,0.06865671641791044
ABVC,2025-06-04,bearish_engulfing,Bearish,1.58,-0.050632911392405104,0.056962025316455604,0.2278481012658227,0.9683544303797467,-0.04242424242424233,
ABVC,2025-06-30,bearish_engulfing,Bearish,2.225,0.08764044943820218,1.1303370786516853,0.6044943820224717,0.33932584269662913,-0.14092664092664084,0.13520408163265313
ABVC,2025-07-18,bearish_engulfing,Bearish,3.35,0.050746268656716394,-0.10149253731343293,,,-0.06424581005586591,-0.15617128463476074
ABVE,2025-06-18,evening_star,Bearish,1.28,0.16406249999999997,-0.05078124999999996,-0.41890625,1.109375,-0.17419354838709677,0.13274336283185853
ABVE,2025-07-11,doji,Bearish,3.63,-0.3168044077134986,-0.25619834710743794,-0.465564738292011,,1.3419354838709678,3.8803441785426185
ABVE,2025-07-31,shooting_star,Bearish,1.68,,,,,-0.017543859649122823,-0.03448275862068969
ABVE,2025-06-11,bullish_engulfing,Bullish,1.13,0.02654867256637171,0.13274336283185853,0.07522123893805327,2.212389380530974,0.14141414141414133,0.018018018018017834
ABVEW,2025-06-09,doji,Bullish,0.0433,0.041570438799076286,0.18244803695150125,0.17090069284064674,-0.17090069284064657,-0.10537190082644629,-0.050438596491228144
ABVEW,2025-06-16,shooting_star,Bearish,0.0512,0.1718749999999999,-0.009765625000000009,0.009765625000000009,2.232421875,-0.05007514054064083,0.18244803695150125
ABVEW,2025-07-03,hammer,Bullish,0.05,0.09999999999999995,6.3999999999999995,4.5,,-0.017681728880157132,-0.031007751937984444
ABVEW,2025-07-07,shooting_star,Bearish,0.055,-0.14181818181818184,3.174545454545455,3.6363636363636367,,0.09999999999999995,0.07632093933463797
ABVEW,2025-07-25,doji,Bearish,0.1864,-0.02038626609442059,,,,0.21196358907672314,-0.3221818181818182
ABVEW,2025-07-30,shooting_star,Bearish,0.1669,0.019173157579388908,,,,-0.018235294117647172,-0.14410256410256417
ABVEW,2025-06-13,bullish_engulfing,Bullish,0.053899,-0.05007514054064083,-0.07232045121430834,-0.03337724262045681,2.7106439822631216,0.10759714773030854,0.11361570247933893
ABVEW,2025-06-18,bearish_engulfing,Bearish,0.0521,-0.036468330134356984,-0.009596928982725536,-0.04030710172744717,4.278310940499041,-0.13166666666666663,0.07155344398510938
ABVEW,2025-07-18,bearish_engulfing,Bearish,0.275,-0.07272727272727278,-0.3221818181818182,,,-0.1538461538461538,-0.2567567567567567
ABVX,2025-06-18,hammer,Bullish,6.05,-0.01322314049586778,0.18677685950413223,0.315702479338843,0.6446280991735537,-0.001650165016501615,-0.18463611859838278
ABVX,2025-06-30,shooting_star,Bearish,7.65,0.0013071895424836323,0.013071895424836555,0.1568627450980391,8.124183006535947,0.03378378378378378,0.2520458265139116
ABVX,2025-07-03,doji,Bearish,7.96,-0.001256281407035149,0.038944723618090406,0.24999999999999992,,0.025773195876288683,0.10863509749303625
ABVX,2025-07-14,morning_star,Bullish,8.83,0.002265005662514108,0.14835787089467728,6.539071347678369,,0.067714631197098,0.11069182389937106
ABVX,2025-07-21,doji,Bearish,10.14,-0.013806706114398477,5.565088757396449,,,0.019095477386934803,0.14835787089467728
ABVX,2025-07-31,bullish_engulfing,Bullish,71.77,,,,,0.013199689419072526,0.028813073394495282
AC,2025-06-09,doji,Bearish,37.85,-0.01162483487450475,-0.01162483487450475,-0.014002642007926053,-0.01030383091149275,0.008795309168443451,0.0018528321863419874
AC,2025-06-23,shooting_star,Bearish,37.23,0.002417405318291792,0.007252215954875185,0.001880204136449108,0.0010744023636853682,-0.0029459025174077805,-0.007993605115907387
AC,2025-06-26,doji,Bearish,37.65,-0.0029216467463479266,-0.007702523240371823,-0.011420982735723765,-0.007171314741035751,0.002663115845539319,0.013731825525040334
AC,2025-06-30,hammer,Bullish,37.5,-0.0013333333333332576,-0.0053333333333334095,-0.0053333333333334095,-0.006400000000000053,-0.001065530101225337,0.007252215954875185
AC,2025-07-11,doji,Bullish,37.22,0.014777001612036654,0.0008060182697474782,0.00429876410531982,,-0.00826005861977091,-0.0037473233404711074
AC,2025-07-17,shooting_star,Bearish,37.51,-0.0069314849373499875,-0.010663822980538485,-0.013063183151159554,,-0.004511677282377964,-0.0005329070077272349
AC,2025-07-21,shooting_star,Bearish,37.32,-0.0013397642015004598,-0.0032154340836012176,,,0.0018791946308724908,-0.011914217633042172
AC,2025-07-23,doji,Bearish,37.35,-0.006425702811245033,-0.009103078982597147,,,0.0021464985242822185,-0.008757961783439445
AC,2025-07-24,shooting_star,Bearish,37.11,0.007275666936135897,-0.0024252223120451713,,,-0.006425702811245033,-0.010663822980538485
AC,2025-07-30,hammer,Bullish,37.01,0.00027019724398824954,,,,-0.0067096081588835215,-0.009103078982597147
AC,2025-07-18,bearish_engulfing,Bearish,37.25,0.0018791946308724908,0.0034899328859061087,,,-0.0069314849373499875,0.0008060182697474782
ACA,2025-06-04,shooting_star,Bearish,87.76,0.013217866909753835,0.0175478577939835,-0.008659981768459493,0.025752051048313476,-0.0030671362035669205,
ACA,2025-06-18,shooting_star,Bearish,87.0,-0.025287356321839115,0.007931034482758595,0.034712643678160876,0.034482758620689655,0.003923378721440151,-0.02575587905935047
ACA,2025-06-20,evening_star,Bearish,84.8,0.023938679245283034,0.037853773584905756,0.05412735849056608,0.04339622641509442,-0.025287356321839115,-0.03317751681678254
ACA,2025-06-25,evening_star,Bearish,85.65,0.023817863397548066,0.04693520140105074,0.07227086981903091,0.04927028604786922,-0.026925698704839702,-0.011654742672513166
ACA,2025-06-27,doji,Bearish,88.01,-0.014771048744460984,0.01568003635950455,0.01511191910010224,0.007612771275991383,0.0036492188390923413,0.037853773584905756
ACA,2025-06-30,evening_star,Bearish,86.71,0.013147272517587367,0.03817322108176684,0.010379425671779562,0.01487717679621735,-0.014771048744460984,-0.0013820108257515207
ACA,2025-07-03,doji,Bearish,90.02,-0.006998444790046606,-0.0032215063319261505,-0.00022217285047762742,,0.0039032006245120366,0.026570874672140476
ACA,2025-07-07,doji,Bullish,89.39,0.007047768206734483,-0.0005593466830741376,-0.010180109631949845,,-0.006998444790046606,0.01568003635950455
ACA,2025-07-16,hammer,Bullish,87.67,0.027489449070377512,0.03752709022470619,-0.004106307744952657,,0.0006848533272457741,-0.04238121245221186
ACA,2025-06-20,bearish_engulfing,Bearish,84.8,0.023938679245283034,0.037853773584905756,0.05412735849056608,0.04339622641509442,-0.025287356321839115,-0.03317751681678254
ACA,2025-06-25,bearish_engulfing,Bearish,85.65,0.023817863397548066,0.04693520140105074,0.07227086981903091,0.04927028604786922,-0.026925698704839702,-0.011654742672513166
ACA,2025-06-30,bearish_engulfing,Bearish,86.71,0.013147272517587367,0.03817322108176684,0.010379425671779562,0.01487717679621735,-0.014771048744460984,-0.0013820108257515207
ACA,2025-07-28,bearish_engulfing,Bearish,88.68,-0.007668019846639679,,,,-0.02699144173798545,0.0022603978300181154
ACAD,2025-06-04,shooting_star,Bearish,21.77,-0.01975195222783646,0.024345429490124075,0.0542030316949931,-0.03766651355075794,-0.009554140127388573,
ACAD,2025-06-09,doji,Bearish,22.3,-0.004484304932735489,-0.007174887892376688,0.004932735426008943,-0.03273542600896863,0.0145586897179254,0.038900535755881704
ACAD,2025-06-24,hammer,Bullish,22.41,0.004016064257028106,-0.046854082998661346,-0.037483266398929044,0.03837572512271305,-0.0031138790035587314,0.012195121951219492
ACAD,2025-07-07,doji,Bullish,20.88,0.006704980842911905,0.04837164750957862,0.06704980842911888,,-0.003341288782816243,-0.05605786618444855
ACAD,2025-07-24,doji,Bullish,23.05,0.008676789587852464,0.033839479392624626,,,-0.00945423291792002,0.022172949002217293
ACAD,2025-06-20,bearish_engulfing,Bearish,22.71,-0.010127697049757835,-0.025979744605900478,-0.08058124174372532,-0.01893439013650373,-0.010457516339869213,0.04461821527138926
ACAD,2025-06-26,bearish_engulfing,Bearish,22.21,-0.004052228725799183,-0.056731202161188723,-0.05538045925258894,0.046825754164790595,-0.01288888888888885,-0.032244008714596886
ACB,2025-06-11,shooting_star,Bearish,6.04,0.00827814569536421,-0.22516556291390732,-0.29470198675496695,-0.25662251655629137,0.015126050420168043,0.08438061041292634
ACB,2025-06-24,shooting_star,Bearish,3.98,-0.015075376884422124,0.08040201005025122,0.14824120603015084,0.22613065326633164,0.017902813299232694,-0.3528455284552846
ACB,2025-07-09,shooting_star,Bearish,4.57,0.026258205689277923,-0.01969365426695839,0.06783369803063448,,0.002192982456140499,0.06279069767441871
ACB,2025-07-16,doji,Bullish,4.48,0.015624999999999863,0.08928571428571416,0.008928571428571237,,-0.0022271714922048524,-0.01969365426695839
ACB,2025-07-17,morning_star,Bullish,4.55,-0.004395604395604302,0.0571428571428571,-0.026373626373626398,,0.015624999999999863,-0.029850746268656834
ACB,2025-07-25,hammer,Bullish,4.84,-0.012396694214875952,,,,0.006237006237006289,0.06843267108167761
ACB,2025-06-17,bearish_engulfing,Bearish,5.88,-0.20408163265306126,-0.3333333333333333,-0.23979591836734696,-0.22619047619047622,-0.04390243902439032,-0.011764705882352988
ACB,2025-06-25,bearish_engulfing,Bearish,3.92,0.08673469387755099,0.14030612244897955,0.19642857142857156,0.22704081632653053,-0.015075376884422124,-0.3333333333333333
ACB,2025-07-15,bearish_engulfing,Bearish,4.49,-0.0022271714922048524,0.1247216035634743,-0.011135857461024459,,-0.01965065502183403,-0.015350877192982325
ACB,2025-07-28,bearish_engulfing,Bearish,4.78,-0.07112970711297067,,,,-0.012396694214875952,0.017021276595744695
ACB,2025-07-31,bearish_engulfing,Bearish,4.43,,,,,-0.019911504424778733,-0.07900207900207899
ACCO,2025-07-08,doji,Bearish,3.89,-0.012853470437018063,-0.06169665809768643,0.0077120822622107465,,0.007772020725388666,0.08659217877094974
ACCO,2025-06-10,bearish_engulfing,Bearish,3.79,-0.0052770448548812715,-0.09234828496042219,-0.08179419525065965,0.026385224274406354,-0.005249343832021002,0.046961325966850806
ACCO,2025-06-23,bullish_engulfing,Bullish,3.46,0.0057803468208092535,0.03468208092485552,0.12427745664739889,0.1329479768786127,0.026706231454005892,-0.033519553072625725
ACCO,2025-07-01,bullish_engulfing,Bullish,3.84,0.01822916666666674,0.0,-0.04166666666666659,-0.015625000000000014,0.07262569832402228,0.10344827586206894
ACCS,2025-06-03,shooting_star,Bearish,10.15,0.0,0.028571428571428487,0.1576354679802955,0.20886699507389153,-0.008498583569405074,
ACCS,2025-06-04,hammer,Bullish,10.15,-0.03152709359605914,0.1773399014778324,0.1428571428571428,0.1428571428571428,0.0,
ACCS,2025-06-12,shooting_star,Bearish,12.08,-0.02731788079470199,-0.06539735099337755,0.03807947019867542,0.0016556291390728123,0.010878661087866176,0.2288911495422177
ACCS,2025-06-20,shooting_star,Bearish,11.29,0.023914968999114383,0.11071744906997344,0.03011514614703292,0.055801594331266684,-0.026724137931034526,-0.06539735099337755
ACCS,2025-06-23,shooting_star,Bearish,11.56,0.0034602076124566734,0.06401384083044984,0.0207612456747405,0.011245674740484343,0.023914968999114383,-0.016170212765957405
ACCS,2025-07-10,doji,Bullish,11.75,0.0008510638297872159,0.03063829787234038,0.01531914893617019,,-0.019018517590876475,-0.04237978810105946
ACCS,2025-07-25,hammer,Bullish,12.05,-0.004149377593361055,,,,0.010058675607711735,0.0024958402662230562
ACCS,2025-07-29,doji,Bullish,11.9,0.03949579831932763,,,,-0.008333333333333304,0.017964071856287497
ACCS,2025-06-05,bearish_engulfing,Bearish,9.83,0.03255340793489321,0.2288911495422177,0.14852492370295006,0.18311291963377424,-0.03152709359605914,
ACCS,2025-07-15,bearish_engulfing,Bearish,11.73,0.02216538789428813,-0.0034100596760444093,0.014492753623188399,,-0.030578512396694152,-0.005932203389830532
ACDC,2025-06-06,doji,Bearish,8.87,-0.01578354002254778,0.03156708004509596,-0.06989853438556926,-0.11048478015783536,0.02780996523754327,
ACDC,2025-06-11,doji,Bearish,9.53,-0.04931794333683094,0.009443861490031465,-0.1463798530954879,-0.16369359916054563,0.006335797254487721,0.22179487179487173
ACDC,2025-06-12,evening_star,Bearish,9.06,0.00993377483443707,0.03421633554083871,-0.10706401766004421,-0.120309050772627,-0.04931794333683094,0.04982618771726532
ACDC,2025-07-08,morning_star,Bullish,7.89,-0.04689480354879596,-0.012674271229404266,-0.01774397972116599,,0.07346938775510205,0.016752577319587614
ACDC,2025-07-29,hammer,Bullish,8.16,-0.07230392156862743,,,,0.0036900369003689247,0.05290322580645163
ACDC,2025-07-30,evening_star,Bearish,7.57,-0.07265521796565398,,,,-0.07230392156862743,-0.05610972568578545
ACDC,2025-06-04,bearish_engulfing,Bearish,7.8,0.10641025641025653,0.22179487179487173,0.23333333333333325,-0.04615384615384608,-0.04878048780487799,
ACDC,2025-06-18,bearish_engulfing,Bearish,9.62,-0.02598752598752599,-0.15436590436590433,-0.2266112266112265,-0.17567567567567563,-0.08641975308641978,0.009443861490031465
ACDC,2025-07-15,bearish_engulfing,Bearish,7.79,0.0077021822849806946,-0.005134788189987168,0.04749679075738127,,-0.022584692597239615,-0.012674271229404266
ACDC,2025-07-25,bearish_engulfing,Bearish,7.72,0.053108808290155574,,,,-0.057387057387057364,-0.026481715006305168
ACEL,2025-07-02,hammer,Bullish,12.03,0.007481296758104727,0.033250207813798865,0.019950124688279322,0.0689941812136326,0.0008319467554076363,0.03350515463917515
ACEL,2025-07-07,doji,Bullish,12.09,0.005789909015715491,0.0140612076095947,0.045492142266335876,,-0.002475247524752423,0.015966386554621806
ACEL,2025-07-29,hammer,Bullish,12.98,0.0007704160246532963,,,,0.01248049921996881,0.016444792482380646
ACEL,2025-07-30,doji,Bearish,12.99,-0.010007698229407296,,,,0.0007704160246532963,0.02202989771833197
ACEL,2025-06-12,bullish_engulfing,Bullish,11.7,-0.0384615384615384,-0.035897435897435895,0.017094017094017186,0.04786324786324791,0.0068846815834767705,0.05215827338129497
ACEL,2025-06-30,bearish_engulfing,Bearish,11.77,0.021240441801189464,0.03313508920985561,0.02973661852166522,0.10280373831775709,-0.010924369747899225,0.02347826086956518
ACEL,2025-07-01,bullish_engulfing,Bullish,12.02,0.0008319467554076363,0.01830282861896844,0.0016638935108152725,0.08069883527454248,0.021240441801189464,0.024722932651321323
ACES,2025-06-12,shooting_star,Bearish,25.53,0.014884449667058323,-0.022326674500587555,0.007442224833529092,0.07050528789659213,-0.009313154831199008,0.04845995893223818
ACES,2025-06-17,evening_star,Bearish,25.09,0.008569151056197682,0.008768433638899915,0.05978477481068155,0.11518533280191313,-0.04890068233510232,-0.022975077881619933
ACES,2025-07-11,evening_star,Bearish,27.29,0.001465738365701691,0.04177354342249911,0.05369366068156831,,-0.013376717281272632,-0.010514865844815053
ACES,2025-07-25,hammer,Bullish,28.7553,-0.010269411204195313,,,,0.005430069930069821,0.011442138586000654
ACES,2025-06-20,bearish_engulfing,Bearish,24.96,0.00040064102564094594,0.03044871794871787,0.08934294871794873,0.1416907051282051,-0.013633669235328941,-0.022326674500587555
ACES,2025-07-28,bearish_engulfing,Bearish,28.46,-0.02340477863668307,,,,-0.010269411204195313,-0.0012843637486577334
ACET,2025-07-01,shooting_star,Bearish,0.6111,0.004745540828015077,0.1667484863361152,0.27622320405825573,0.1520209458353788,0.0018032786885245737,-0.06588199327422811
ACET,2025-07-03,hammer,Bullish,0.607,0.0693574958813839,0.23476112026359156,0.25123558484349257,,-0.011400651465798056,-0.09484044139576497
ACET,2025-07-09,hammer,Bullish,0.713,0.03758765778401128,0.0938288920056102,0.14502103786816276,,0.044229642647920335,0.1667484863361152
ACET,2025-07-15,doji,Bullish,0.7624,0.022953830010493274,-0.013641133263378758,-0.07778069254984263,,-0.02080657590547135,0.11657879320445227
ACET,2025-07-30,doji,Bearish,0.704,-0.026136363636363596,,,,0.0012800455127293586,-0.1376776090151887
ACET,2025-06-27,bearish_engulfing,Bearish,0.6256,-0.02493606138107426,0.03756393861892577,0.24456521739130418,0.20236572890025564,-0.06710408589322985,-0.06626865671641789
ACET,2025-07-03,bearish_engulfing,Bearish,0.607,0.0693574958813839,0.23476112026359156,0.25123558484349257,,-0.011400651465798056,-0.09484044139576497
ACGL,2025-06-16,doji,Bearish,91.14,-0.010862409479920945,-0.0018652622339258471,0.00394996708360763,-0.022712310730743993,0.001648532805802898,-0.01310232809962094
ACGL,2025-06-17,hammer,Bullish,90.15,0.001663893510815213,-0.010205213533000574,-0.019633943427620745,-0.016528008874098825,-0.010862409479920945,0.004233039991088445
ACGL,2025-07-01,doji,Bearish,91.5,-0.03409836065573776,-0.03912568306010927,-0.026557377049180403,-0.06437158469945356,0.004942339373970378,0.005826096515334739
ACGL,2025-07-02,evening_star,Bearish,88.38,0.009164969450101859,0.0020366598778004848,0.0031681375876895356,-0.026250282869427398,-0.03409836065573776,-0.00952594418917414
ACGL,2025-06-12,bullish_engulfing,Bullish,91.91,-0.01000979218801003,-0.018931563486018876,-0.017299532151017337,-0.014361875748014289,0.028191072826938092,-0.028127313101406332
ACGL,2025-07-14,bullish_engulfing,Bullish,90.59,-0.026492990396291043,-0.03355778783530198,-0.04514847113367925,,0.03130692167577413,0.013084321180943879
ACGLN,2025-06-13,hammer,Bullish,16.75,-0.012537313432835873,0.002985074626865714,0.0011940298507462433,-0.0005970149253732277,-0.021040327293980095,-0.015285126396237598
ACGLN,2025-06-11,bearish_engulfing,Bearish,17.03,0.004697592483851925,-0.02524955960070462,0.007046388725777888,-0.0029359953024075576,-0.0046756282875510405,0.0
ACGLN,2025-06-20,bullish_engulfing,Bullish,16.71,0.005385996409335719,0.015559545182525314,0.005984440454817347,0.011370436864153064,0.006626506024096351,-0.023378141437755615
ACGLN,2025-06-27,bearish_engulfing,Bearish,16.97,-0.011785503830288703,-0.009428403064231004,-0.006482027106658777,-0.004124926340601078,-0.01049562682215742,0.015559545182525314
ACGLO,2025-06-05,shooting_star,Bearish,20.57,-0.0024307243558580804,-0.0004861448711716851,-0.018473505104521098,-0.0024307243558580804,0.0,
ACGLO,2025-06-12,doji,Bearish,20.56,-0.020428015564202245,-0.01799610894941622,0.005593385214007879,-0.0009727626459143762,0.0029268292682926205,-0.0004861448711716851
ACGLO,2025-06-25,hammer,Bullish,20.59,0.005342399222923721,0.0024283632831471934,0.006799417192812072,-0.0024283632831471934,0.004390243902439018,0.025398406374502074
ACGLO,2025-07-21,doji,Bearish,20.68,-0.003868471953578254,-0.010154738878143174,,,0.0029097963142579396,0.006815968841285325
ACGLO,2025-07-22,shooting_star,Bearish,20.6,-0.0029126213592234112,0.001456310679611533,,,-0.003868471953578254,0.007334963325183479
ACGLO,2025-07-24,shooting_star,Bearish,20.54,0.00438169425511197,0.00876338851022394,,,0.0,-0.010597302504817071
ACGLO,2025-06-11,bearish_engulfing,Bearish,20.5,0.0029268292682926205,-0.019024390243902466,0.009756097560975575,0.005853658536585414,-0.007744433688286551,-0.0034030140982012776
ACGLO,2025-07-02,bullish_engulfing,Bullish,20.64,0.0029069767441859845,0.004360465116279063,0.005813953488372141,0.003875968992247979,0.0034030140982012776,0.0024283632831471934
ACGLO,2025-07-07,bearish_engulfing,Bearish,20.52,0.0019493177387913815,0.0009746588693956907,0.007797270955165699,,-0.00869565217391303,-0.007496977025393041
ACGLO,2025-07-10,bullish_engulfing,Bullish,20.73,-0.005306319343945944,0.0014471780028944108,-0.00916546068499765,,0.00387409200968532,0.004360465116279063
ACGLO,2025-07-28,bearish_engulfing,Bearish,20.47,0.00781631656082072,,,,-0.007755695588948141,-0.010154738878143174
ACGR,2025-07-02,bullish_engulfing,Bullish,59.6459,0.01180466721099026,0.007373516033792856,0.019493376745090628,0.033159026856833446,0.005719421245828855,0.019887898664222643
ACHC,2025-06-04,shooting_star,Bearish,22.6,0.0013274336283184772,0.007522123893805227,-0.0477876106194691,0.033628318584070706,0.007130124777183606,
ACHC,2025-06-17,doji,Bullish,20.85,0.03213429256594715,0.004316546762589921,0.11223021582733811,0.0920863309352517,-0.012784090909090889,-0.07784166298098177
ACHC,2025-06-23,evening_star,Bearish,20.85,0.03213429256594715,0.0882494004796163,0.1568345323741007,0.05707434052757782,-0.03293135435992567,-0.01789919924634946
ACHC,2025-07-07,doji,Bullish,23.32,0.03430531732418528,0.0325900514579759,-0.07204116638078902,,-0.0017123287671232511,0.06484018264840191
ACHC,2025-07-08,morning_star,Bullish,24.12,0.01243781094527366,-0.03524046434494201,-0.08623548922056393,,0.03430531732418528,0.06302335830762448
ACHC,2025-07-22,shooting_star,Bearish,22.04,0.04219600725952812,0.00998185117967343,,,0.018484288354898272,-0.05285775676837131
ACHC,2025-07-29,shooting_star,Bearish,22.26,0.008535489667565037,,,,-0.018951079770824136,0.00998185117967343
ACHR,2025-06-12,shooting_star,Bearish,11.73,-0.1483375959079284,-0.14407502131287309,-0.1074168797953964,-0.07928388746803067,-0.036154478225143755,0.2532051282051283
ACHR,2025-06-16,doji,Bearish,10.38,-0.04431599229287098,0.03371868978805391,-0.048169556840077066,0.16473988439306347,0.039039039039039096,-0.07815275310834804
ACHR,2025-06-24,morning_star,Bullish,10.73,-0.07455731593662634,-0.07921714818266538,-0.026095060577819303,0.0587138863000931,0.07300000000000004,0.03371868978805391
ACHR,2025-06-27,doji,Bullish,10.47,0.03629417382999035,-0.042979942693409844,0.03151862464183382,0.03056351480420234,-0.011331444759206725,0.04282868525896429
ACHR,2025-07-23,doji,Bearish,11.36,-0.0325704225352112,-0.10651408450704218,,,0.03366696997270238,-0.06038047973531848
ACHR,2025-06-20,bearish_engulfing,Bearish,10.04,-0.003984063745019836,0.04282868525896429,-0.001992031872509918,0.18027888446215146,-0.015686274509803935,-0.14407502131287309
ACHR,2025-06-25,bearish_engulfing,Bearish,9.93,0.0664652567975831,0.005035246727089699,0.08559919436052363,0.10674723061430015,-0.07455731593662634,0.0010080645161290108
ACHR,2025-07-10,bullish_engulfing,Bullish,10.78,-0.025046382189239293,0.2430426716141003,0.01948051948051956,,0.03157894736842106,0.08016032064128245
ACHR,2025-07-14,bullish_engulfing,Bullish,10.8,0.0425925925925925,0.09722222222222211,-0.0009259259259260706,,0.02759276879162711,0.07784431137724562
ACHR,2025-07-21,bearish_engulfing,Bearish,11.85,-0.07257383966244721,-0.089451476793249,,,-0.10835214446952593,0.09722222222222211
ACHR,2025-07-28,bearish_engulfing,Bearish,10.79,-0.05560704355885076,,,,-0.037466547725245464,-0.089451476793249
ACHR.WS,2025-06-05,hammer,Bullish,2.46,0.1504065040650407,0.4471544715447155,0.17479674796747974,0.13414634146341467,-0.019920318725099532,
ACHR.WS,2025-06-10,hammer,Bullish,3.415,0.1127379209370424,-0.18301610541727673,-0.18005856515373353,-0.12591508052708644,0.010355029585798859,0.3498023715415021
ACHR.WS,2025-06-16,doji,Bearish,3.03,-0.07920792079207914,0.023102310231023198,-0.06600660066006592,0.1815181518151816,0.07469674398808254,-0.1035502958579882
ACHR.WS,2025-06-03,bearish_engulfing,Bearish,2.53,-0.007905138339920957,0.3498023715415021,0.10276679841897243,0.1264822134387353,-0.02316602316602319,
ACHR.WS,2025-06-06,bullish_engulfing,Bullish,2.83,0.19434628975265011,-0.003745583038869316,-0.003533568904593721,0.01413427561837457,0.1504065040650407,
ACHR.WS,2025-06-17,bearish_engulfing,Bearish,2.79,0.039426523297490995,0.003620071684587813,0.02150537634408604,0.4910394265232975,-0.07920792079207914,-0.18301610541727673
ACHR.WS,2025-06-25,bearish_engulfing,Bearish,2.8001,0.10353201671368874,0.017820792114567358,0.0660333559515731,0.1285311238884326,-0.09674193548387099,0.003620071684587813
ACHR.WS,2025-07-10,bullish_engulfing,Bullish,2.985,-0.02847571189279731,0.3936348408710219,0.05862646566164163,,0.025773195876288568,0.047368421052631504
ACHV,2025-06-10,shooting_star,Bearish,3.69,-0.032520325203252064,-0.19241192411924118,0.029810298102980998,-0.3685636856368563,-0.018617021276595702,-0.12351543942992875
ACHV,2025-06-24,hammer,Bullish,3.81,-0.0026246719160105594,-0.41732283464566927,-0.3779527559055118,-0.28346456692913385,-0.00781249999999995,0.2290322580645161
ACHV,2025-06-30,hammer,Bullish,2.26,-0.017699115044247607,0.0,0.16814159292035416,0.1283185840707965,0.01345291479820619,-0.41145833333333337
ACHV,2025-07-11,hammer,Bullish,2.32,0.185344827586207,0.1551724137931036,0.1551724137931036,,-0.004291845493562331,0.06422018348623838
ACHV,2025-07-25,hammer,Bullish,2.68,0.0037313432835820097,,,,-0.007407407407407414,0.0
ACHV,2025-06-06,bullish_engulfing,Bullish,3.83,-0.018276762402088847,-0.1514360313315927,0.0026109660574411974,-0.4099216710182768,0.0865248226950355,
ACHV,2025-06-16,bearish_engulfing,Bearish,3.1,-0.038709677419354875,0.2290322580645161,-0.28387096774193543,-0.13225806451612906,-0.04615384615384613,-0.17553191489361694
ACHV,2025-07-03,bearish_engulfing,Bearish,2.18,-0.05045871559633042,0.06422018348623838,0.2293577981651376,,-0.035398230088495415,-0.3789173789173788
ACHV,2025-07-18,bearish_engulfing,Bearish,2.68,-0.007462686567164185,0.0,,,-0.025454545454545396,0.1551724137931036
ACI,2025-06-11,hammer,Bullish,21.27,0.006111894687353033,-0.008462623413258097,-0.007052186177715025,0.041372825575928494,0.0028288543140027682,-0.006074766355140141
ACI,2025-06-20,morning_star,Bullish,21.68,0.020756457564575614,-0.022601476014760077,0.04889298892988924,-0.0756457564575646,0.027975343764817442,0.013084112149532765
ACI,2025-07-03,doji,Bullish,21.93,0.03693570451436383,0.01003191974464199,-0.06657546739626087,,-0.002728512960436504,0.038352272727272665
ACIC,2025-06-26,hammer,Bullish,10.56,0.012310606060605966,0.045454545454545324,0.01988636363636355,0.006628787878787905,0.011494252873563314,0.044510385756676665
ACIC,2025-07-02,hammer,Bullish,10.87,0.015639374425022994,-0.0009199632014719216,0.002759889604415928,-0.04231830726770921,-0.011818181818181889,0.041187739463601505
ACIC,2025-07-07,doji,Bullish,10.94,0.009140767824497225,-0.011882998171846345,-0.025594149908592264,,-0.009057971014492723,0.023386342376052388
ACIC,2025-07-23,hammer,Bullish,10.91,-0.022914757103574702,-0.05132905591200738,,,0.0018365472910927064,0.006457564575645783
ACIC,2025-07-24,evening_star,Bearish,10.66,-0.0028142589118198276,-0.02345215759849906,,,-0.022914757103574702,-0.02201834862385323
ACIC,2025-07-25,shooting_star,Bearish,10.63,-0.01975540921919105,,,,-0.0028142589118198276,-0.015740740740740732
ACIC,2025-07-29,doji,Bearish,10.49,-0.013346043851286994,,,,0.006717850287907897,-0.036730945821854946
ACIC,2025-06-13,bearish_engulfing,Bearish,10.43,0.004793863854266607,0.008628954937679756,0.0661553211888782,0.03163950143815916,-0.020657276995305222,-0.04487179487179489
ACIC,2025-06-27,bullish_engulfing,Bullish,10.69,0.040224508886810076,0.023386342376052388,0.011225444340505238,-0.02525724976613654,0.012310606060605966,0.02887391722810384
ACIC,2025-07-18,bearish_engulfing,Bearish,10.8,-0.012962962962963015,-0.015740740740740732,,,-0.009174311926605472,0.0027855153203343677
ACIO,2025-06-04,shooting_star,Bearish,40.54,-0.003206709422792367,0.002960039467192833,-0.001726689689195863,0.029107054760730135,0.0,
ACIO,2025-06-13,shooting_star,Bearish,40.59,0.003941857600394102,0.0022172949002216384,0.019955654101995443,0.020448386302044794,-0.005878030859661888,-0.001967051880993319
ACIO,2025-06-17,shooting_star,Bearish,40.55,-0.001972872996300821,0.008877928483353871,0.02194821208384712,0.027003699136868214,-0.004907975460122769,-0.004907975460122769
ACIO,2025-06-27,shooting_star,Bearish,41.22,0.004366812227074229,0.005337214944201816,0.008733624454148457,0.02037845705967985,0.002431906614786027,0.020802377414561573
ACIO,2025-06-30,shooting_star,Bearish,41.4,-0.00048309178743951745,-0.00024154589371975873,0.0004830917874396891,0.013526570048309233,0.004366812227074229,0.01769911504424776
ACIO,2025-07-16,hammer,Bullish,41.545,0.002407028523288035,0.007341436996028396,0.009507762666987508,,0.0030178657653307578,-0.0006013952369496892
ACIO,2025-07-21,shooting_star,Bearish,41.65,0.0021608643457383774,0.0098439375750301,,,0.0014426544842509057,0.0016835016835016904
ACIO,2025-07-23,hammer,Bullish,41.85,0.0010752688172043418,0.0021505376344085137,,,0.002635361763296584,0.007341436996028396
ACIO,2025-06-05,bearish_engulfing,Bearish,40.41,0.006434050977480949,0.01039346696362291,-0.0007423904974014857,0.02548874041078944,-0.003206709422792367,
ACIO,2025-06-10,bullish_engulfing,Bullish,40.75,-0.0022085889570552983,-0.004907975460122769,0.003926380368098076,0.02110429447852759,0.004684418145956551,0.005180069067587589
ACIO,2025-06-12,bullish_engulfing,Bullish,40.83,-0.005878030859661888,-0.011021307861866171,0.009551800146950786,0.018368846436443792,0.004181013280865758,0.01039346696362291
ACIO,2025-06-26,bullish_engulfing,Bullish,41.12,0.002431906614786027,0.014591439688715988,0.009241245136186833,0.022859922178988447,0.005133219261794204,0.016061279960464508
ACIO,2025-07-15,bearish_engulfing,Bearish,41.42,0.0030178657653307578,0.007725736359246747,0.013037180106228854,,-0.003848003848003766,0.0007248127567045454
ACIU,2025-06-16,hammer,Bullish,1.94,-0.010309278350515474,0.0850515463917526,0.020618556701030948,0.06185567010309284,-0.0051282051282051325,-0.07619047619047625
ACIU,2025-07-09,hammer,Bullish,2.08,0.014423076923076828,-0.009615384615384623,0.12499999999999989,,0.004830917874396247,0.05050505050505055
ACIU,2025-07-17,shooting_star,Bearish,2.07,0.0,0.17391304347826103,0.04347826086956537,,0.004854368932038731,-0.018957345971564
ACIU,2025-06-11,bearish_engulfing,Bearish,2.12,-0.02358490566037748,-0.06603773584905666,-0.014150943396226532,-0.03773584905660381,-0.03636363636363639,0.2694610778443115
ACIU,2025-06-27,bearish_engulfing,Bearish,2.01,0.009950248756218916,-0.009950248756218805,0.034825870646766316,0.17910447761194048,-0.03827751196172252,0.06914893617021271
ACIU,2025-07-07,bearish_engulfing,Bearish,1.99,0.04020100502512555,0.045226130653266375,0.045226130653266375,,-0.03864734299516901,-0.009950248756218805
ACIU,2025-07-22,bullish_engulfing,Bullish,2.31,0.012987012987012903,0.01731601731601733,,,0.11057692307692306,0.12682926829268304
ACIW,2025-06-06,hammer,Bullish,47.3,0.010359408033826682,-0.04714587737843545,-0.040803382663847775,-0.028964059196617285,0.007025761124121743,
ACIW,2025-06-17,shooting_star,Bearish,44.99,-0.004667703934207621,0.0042231607023782555,0.011113580795732384,0.015781284729940004,-0.012510974539069365,-0.05044322498944703
ACIW,2025-07-30,doji,Bearish,43.71,-0.026309768931594566,,,,0.0016040329972502355,-0.0489556135770235
ACIW,2025-06-09,bullish_engulfing,Bullish,47.79,-0.008579200669596079,-0.046662481690730215,-0.0366185394433982,-0.049382716049382706,0.010359408033826682,0.03620988725065052
ACIW,2025-06-23,bullish_engulfing,Bullish,45.37,0.014767467489530565,0.011902137976636525,0.012342957901697208,0.003306149437954721,0.017492711370262256,0.006656312402928714
ACIW,2025-06-25,bearish_engulfing,Bearish,45.18,0.005090748118636496,0.006861443116423246,-0.0015493581230633087,-0.005090748118636496,-0.018679409209383133,0.0042231607023782555
ACIW,2025-07-09,bearish_engulfing,Bearish,45.43,-0.007043803653973152,-0.025753907109839352,0.011666299801893047,,-0.010886131069018071,-0.011101436656508446
ACIW,2025-07-15,bearish_engulfing,Bearish,43.78,0.010963910461397827,0.039744175422567425,-0.0031978072179077335,,-0.014851485148514776,-0.04681036359677768
ACIW,2025-07-24,bearish_engulfing,Bearish,44.95,-0.0033370411568410608,-0.0531701890989989,,,-0.021975630983463838,-0.016411378555798686
ACLC,2025-06-05,doji,Bullish,69.6693,0.010422094093093918,0.015392719605335312,-0.0007406418609058456,0.04279933916373485,-0.0035541736153024387,
ACLC,2025-06-13,shooting_star,Bearish,69.77,0.00888634083416948,0.007166403898523722,0.03663465672925322,0.038956571592375,-0.013735887036924452,-0.00888410322265374
ACLC,2025-07-14,bullish_engulfing,Bullish,72.85,-0.004969114619080231,0.004094715168153903,0.016702814001372773,,0.0012259348440367762,0.0027377424429911555
ACLC,2025-07-15,bearish_engulfing,Bearish,72.488,0.0019341132325351397,0.011727458337931764,0.018901059485707892,,-0.004969114619080231,0.0002483786394370178
ACLC,2025-07-29,bearish_engulfing,Bearish,73.8581,-0.0011928278685749726,,,,-0.002817726700762115,0.007090448211775272
ACLO,2025-07-31,hammer,Bullish,50.475,,,,,9.906875371512895e-05,0.0018558399412482518
ACLS,2025-07-07,evening_star,Bearish,70.95,0.04594785059901326,0.007188160676532641,0.05059901338971111,,-0.028614457831325345,0.018080068876452936
ACLS,2025-06-11,bearish_engulfing,Bearish,67.93,0.014426615633740463,-0.015309877815398295,0.04401589871926976,0.10201678198145138,-0.03999434708875068,0.10473247682550016
ACLS,2025-07-01,bullish_engulfing,Bullish,71.99,0.01333518544242267,0.03306014724267273,-0.004861786359216479,0.012501736352271229,0.033003300330032966,0.03374497415278567
ACLS,2025-07-18,bearish_engulfing,Bearish,70.96,0.05045095828635869,0.0343855693348367,,,-0.007829977628635378,-0.05209724819663379
ACLS,2025-07-29,bearish_engulfing,Bearish,73.17,-0.003826704933716019,,,,-0.029318121517643857,-0.027641196013289016
ACLX,2025-06-30,doji,Bearish,65.85,-0.017615793470007544,0.010782080485953045,0.034927866362946265,0.06287015945330297,0.007651109410864576,0.035051870480980775
ACLX,2025-07-01,evening_star,Bearish,64.69,0.025506260627608683,0.06662544442726855,0.0929046220435926,0.10588962745401158,-0.017615793470007544,0.021152328334648716
ACLX,2025-07-10,doji,Bullish,68.86,0.0017426662794075595,0.030351437699680562,0.020476328783037998,,-0.002028985507246385,0.037986132047030385
ACLX,2025-07-18,evening_star,Bearish,67.59,0.026705133895546566,0.05503772747447845,,,-0.04735729386892176,-0.02015076833864889
ACLX,2025-06-09,bearish_engulfing,Bearish,66.86,-0.0037391564463057133,-0.04142985342506725,-0.052497756506132184,0.03200717918037692,-0.01820851688693091,0.07960600678185047
ACLX,2025-06-16,bearish_engulfing,Bearish,64.09,-0.018879700421282584,-0.011546263067561272,0.00936183491964416,0.1031362146980808,-0.028939393939393886,-0.04142985342506725
ACLX,2025-07-02,bullish_engulfing,Bullish,66.34,0.012360566777208218,0.037986132047030385,0.06949050346698823,0.0761230027132951,0.025506260627608683,0.03607683898172735
ACLX,2025-07-15,bearish_engulfing,Bearish,68.15,0.0374174614820249,0.0014673514306675613,0.026999266324284506,,-0.025314645308924428,0.023888221153846204
ACLX,2025-07-18,bearish_engulfing,Bearish,67.59,0.026705133895546566,0.05503772747447845,,,-0.04735729386892176,-0.02015076833864889
ACLX,2025-07-28,bearish_engulfing,Bearish,70.59,-0.008499787505312488,,,,-0.010096760622633556,0.01722026082570801
ACM,2025-06-04,doji,Bearish,110.8,-0.0014440433212996083,0.012635379061371892,-0.0036101083032490204,0.044675090252707605,0.0009937663745595757,
ACM,2025-06-16,doji,Bearish,113.06,-0.007695029188041788,-0.006191402794976144,0.007960375022112076,0.0010613833362816607,0.009554424502187762,0.01920129811592892
ACM,2025-06-24,doji,Bearish,112.36,-0.011569953720185095,0.014239943040227788,0.029013883944464268,0.009433962264150964,0.00735162273623806,-0.006191402794976144
ACM,2025-06-30,hammer,Bullish,112.86,0.009746588693957064,0.018429913166755258,0.0016835016835016633,0.0012404749246854561,0.0006206223956023865,0.011834319526627158
ACM,2025-07-08,doji,Bullish,114.94,0.005916130154863466,-0.016443361753958594,-0.021750478510527232,,-0.004244996967859387,0.018429913166755258
ACM,2025-07-10,doji,Bearish,115.64,-0.010377032168799748,-0.014181943964026293,-0.02213766862677276,,0.00017298045320875298,0.010309278350515524
ACM,2025-07-14,doji,Bearish,114.55,-0.013094718463553034,-0.020864251418594507,-0.006198166739415048,,0.0009612023767913267,-0.007623668023910678
ACM,2025-07-31,shooting_star,Bearish,112.74,,,,,0.0015991471215351155,-0.0030067209055536204
ACM,2025-06-03,bullish_engulfing,Bullish,110.69,0.0009937663745595757,0.003071641521366008,0.013551359653085192,0.034059083928087416,0.014666788889907363,
ACM,2025-06-05,bearish_engulfing,Bearish,110.64,0.006417208966015851,0.013467100506146013,-0.00976138828633404,0.04329356471438907,-0.0014440433212996083,
ACM,2025-06-25,bearish_engulfing,Bearish,111.06,0.010354763191067814,0.030614082477939775,0.04123896992616602,0.018188366648658347,-0.011569953720185095,-0.010072198948212813
ACM,2025-07-15,bearish_engulfing,Bearish,113.05,0.0011499336576736813,-0.005395842547545329,-0.00044228217602828093,,-0.013094718463553034,-0.016443361753958594
ACM,2025-07-17,bullish_engulfing,Bullish,114.0,-0.0060526315789473486,-0.008070175438596507,-0.011052631578947413,,0.00724509630676792,-0.014181943964026293
ACMR,2025-06-11,doji,Bearish,25.85,-0.00483558994197292,-0.025531914893617027,0.025531914893617027,0.10483558994197281,0.018518518518518615,0.11904761904761904
ACMR,2025-07-03,hammer,Bullish,27.81,0.006112909025530446,0.02696871628910464,0.08162531463502336,,0.009437386569872886,0.04903809883062984
ACMR,2025-07-18,shooting_star,Bearish,30.08,0.010638297872340436,-0.004986702127659528,,,-0.003973509933774867,0.05322128851540615
ACMR,2025-07-25,hammer,Bullish,29.93,0.06849315068493153,,,,0.004362416107382517,-0.004986702127659528
ACMR,2025-06-20,bearish_engulfing,Bearish,24.42,0.010647010647010565,0.05569205569205567,0.1457821457821457,0.24488124488124474,-0.03056768558951963,-0.05072886297376092
ACMR,2025-07-16,bullish_engulfing,Bullish,29.66,0.01820633850303436,0.01786918408631157,0.08091706001348625,,0.006788866259334667,0.018893850910340113
